-5.49829 -8.61479 17.3094 
-6.59885 -9.98047 19.0122 
-7.29649 -10.6959 20.3613 
-7.68716 -11.0079 21.269 
-7.85036 -11.0762 21.7704 
-7.84103 -10.9782 21.9505 
-7.69744 -10.7435 21.9083 
-7.44984 -10.384 21.7414 
-7.12381 -9.90757 21.5386 
-6.73134 -9.31118 21.3685 
-6.19188 -8.48686 21.2006 
-3.33119 -4.48833 20.7782 
6.10146 8.31402 21.2694 
-8.44519 -11.3428 23.425 
-8.92651 -11.5539 24.6703 
-9.22775 -11.7011 25.3874 
-9.38365 -11.8585 25.6145 
-9.39546 -11.9971 25.4186 
-9.25945 -12.0435 24.9011 
-8.98182 -11.9333 24.176 
-8.56981 -11.6291 23.325 
-8.00086 -11.0869 22.3502 
-7.13469 -10.125 21.1055 
-5.19094 -7.58905 19.1841 
4.26873 6.25807 18.7442 
7.08494 9.94746 21.3261 
-9.61678 -11.1242 27.48 
-10.0258 -11.5485 28.007 
-10.3041 -12.2185 27.8112 
-10.3321 -12.9247 26.817 
-10.0266 -13.34 25.1691 
-9.41569 -13.2424 23.2333 
-8.59566 -12.6234 21.3621 
-7.61033 -11.5402 19.6804 
-6.3443 -9.86103 18.1011 
-4.36855 -6.89932 16.6332 
0.0718024 -0.178746 19.9475 
4.14919 6.52877 16.6708 
6.99456 10.517 19.4949 
-10.6594 -11.9706 29.1608 
-10.8856 -13.4362 27.6967 
-10.2798 -14.3228 24.3027 
-8.66825 -13.4278 19.8351 
-6.52827 -10.818 16.067 
-4.55203 -7.7831 13.921 
-3.04958 -5.2568 13.1099 
-1.90068 -3.25943 13.0949 
-0.77772 -1.31626 13.7079 
0.669491 0.999846 15.9287 
-0.710386 -1.05338 16.0928 
1.5907 2.67132 13.9028 
4.46501 7.41981 14.9542 
-10.2746 -14.6412 23.7057 
-7.15757 -11.8745 16.409 
-2.51097 -4.47697 11.5937 
1.42288 2.53562 11.3777 
3.68092 6.39478 12.9461 
4.57468 7.75396 14.2277 
4.62719 7.69907 14.9177 
4.22756 6.89314 15.4267 
3.58775 5.58836 16.5144 
-2.8692 -3.14744 21.8944 
-3.48618 -5.53951 15.91 
-2.97055 -4.97427 14.0702 
-1.04322 -1.80529 12.4432 
-1.36605 -2.45749 11.0321 
4.54823 7.91892 13.18 
7.67847 12.3409 17.8686 
8.78508 13.2479 20.7434 
8.88111 12.9858 21.7069 
8.43012 12.2706 21.445 
7.56376 11.0959 20.5361 
6.25357 9.1671 19.599 
4.14505 5.32912 20.8316 
-5.35796 -7.72857 19.3972 
-6.65065 -9.97716 19.2627 
-7.0253 -10.8412 18.7119 
-6.34485 -10.2648 16.7749 
7.54408 12.2044 17.5504 
9.61224 13.8292 22.8056 
10.0511 13.3612 25.202 
9.89789 12.7069 25.8102 
9.48646 12.173 25.3977 
8.82229 11.5679 24.2901 
7.74102 10.4346 22.7128 
5.80991 7.71367 21.4628 
-5.64954 -7.45491 21.4587 
-7.58234 -10.3331 22.3376 
-8.5522 -11.5967 23.3009 
-9.00927 -12.3911 23.3907 
-8.91211 -12.8608 22.09 
9.75318 13.6453 23.6722 
10.112 12.8643 26.225 
9.92589 12.0272 26.9871 
9.58791 11.4878 26.8287 
9.12533 11.1215 26.032 
8.36805 10.5576 24.6299 
6.88654 8.90688 22.8204 
-5.29263 -6.33824 22.8125 
-7.67177 -9.89759 23.5522 
-8.71245 -10.9513 25.0361 
-9.28741 -11.5357 25.8436 
-9.63748 -12.1772 25.8681 
-9.70164 -12.9547 24.7466 
9.92218 13.0698 25.2766 
9.88725 12.1367 26.6998 
9.59584 11.4353 26.934 
9.20594 11.0036 26.4654 
8.61145 10.5806 25.3621 
7.44883 9.47238 23.6276 
0 0 0 
-7.44883 -9.47238 23.6276 
-8.61145 -10.5806 25.3621 
-9.20594 -11.0036 26.4654 
-9.59584 -11.4353 26.934 
-9.88725 -12.1367 26.6998 
-9.92218 -13.0698 25.2766 
9.70164 12.9547 24.7466 
9.63748 12.1772 25.8681 
9.28741 11.5357 25.8436 
8.71245 10.9513 25.0361 
7.67177 9.89759 23.5522 
5.29263 6.33824 22.8125 
-6.88654 -8.90688 22.8204 
-8.36805 -10.5576 24.6299 
-9.12533 -11.1215 26.032 
-9.58791 -11.4878 26.8287 
-9.92589 -12.0272 26.9871 
-10.112 -12.8643 26.225 
-9.75318 -13.6453 23.6722 
8.91211 12.8608 22.09 
9.00927 12.3911 23.3907 
8.5522 11.5967 23.3009 
7.58234 10.3331 22.3376 
5.64954 7.45491 21.4587 
-5.80991 -7.71367 21.4628 
-7.74102 -10.4346 22.7128 
-8.82229 -11.5679 24.2901 
-9.48646 -12.173 25.3977 
-9.89789 -12.7069 25.8102 
-10.0511 -13.3612 25.202 
-9.61224 -13.8292 22.8056 
-7.54408 -12.2044 17.5504 
6.34485 10.2648 16.7749 
7.0253 10.8412 18.7119 
6.65065 9.97716 19.2627 
5.35796 7.72857 19.3972 
-4.14505 -5.32912 20.8316 
-6.25357 -9.1671 19.599 
-7.56376 -11.0959 20.5361 
-8.43012 -12.2706 21.445 
-8.88111 -12.9858 21.7069 
-8.78508 -13.2479 20.7434 
-7.67847 -12.3409 17.8686 
-4.54823 -7.91892 13.18 
1.36605 2.45749 11.0321 
1.04322 1.80529 12.4432 
2.97055 4.97427 14.0702 
3.48618 5.53951 15.91 
2.8692 3.14744 21.8944 
-3.58775 -5.58836 16.5144 
-4.22756 -6.89314 15.4267 
-4.62719 -7.69907 14.9177 
-4.57468 -7.75396 14.2277 
-3.68092 -6.39478 12.9461 
-1.42288 -2.53562 11.3777 
2.51097 4.47697 11.5937 
7.15757 11.8745 16.409 
10.2746 14.6412 23.7057 
-4.46501 -7.41981 14.9542 
-1.5907 -2.67132 13.9028 
0.710386 1.05338 16.0928 
-0.669491 -0.999846 15.9287 
0.77772 1.31626 13.7079 
1.90068 3.25943 13.0949 
3.04958 5.2568 13.1099 
4.55203 7.7831 13.921 
6.52827 10.818 16.067 
8.66825 13.4278 19.8351 
10.2798 14.3228 24.3027 
10.8856 13.4362 27.6967 
10.6594 11.9706 29.1608 
-6.99456 -10.517 19.4949 
-4.14919 -6.52877 16.6708 
-0.0718024 0.178746 19.9475 
4.36855 6.89932 16.6332 
6.3443 9.86103 18.1011 
7.61033 11.5402 19.6804 
8.59566 12.6234 21.3621 
9.41569 13.2424 23.2333 
10.0266 13.34 25.1691 
10.3321 12.9247 26.817 
10.3041 12.2185 27.8112 
10.0258 11.5485 28.007 
9.61678 11.1242 27.48 
-7.08494 -9.94746 21.3261 
-4.26873 -6.25807 18.7442 
5.19094 7.58905 19.1841 
7.13469 10.125 21.1055 
8.00086 11.0869 22.3502 
8.56981 11.6291 23.325 
8.98182 11.9333 24.176 
9.25945 12.0435 24.9011 
9.39546 11.9971 25.4186 
9.38365 11.8585 25.6145 
9.22775 11.7011 25.3874 
8.92651 11.5539 24.6703 
8.44519 11.3428 23.425 
-6.10146 -8.31402 21.2694 
3.33119 4.48833 20.7782 
6.19188 8.48686 21.2006 
6.73134 9.31118 21.3685 
7.12381 9.90757 21.5386 
7.44984 10.384 21.7414 
7.69744 10.7435 21.9083 
7.84103 10.9782 21.9505 
7.85036 11.0762 21.7704 
7.68716 11.0079 21.269 
7.29649 10.6959 20.3613 
6.59885 9.98047 19.0122 
5.49829 8.61479 17.3094 
-7.8785 -11.1728 21.6628 
-8.53685 -11.5997 23.2482 
-8.93315 -11.784 24.2758 
-9.14355 -11.8893 24.7879 
-9.20154 -11.9545 24.8644 
-9.12052 -11.9487 24.6093 
-8.91332 -11.827 24.1366 
-8.59594 -11.5617 23.5442 
-8.17873 -11.141 22.8903 
-7.64536 -10.5398 22.1732 
-6.86626 -9.60195 21.2526 
-4.81546 -6.88061 19.5822 
5.55752 7.90241 20.0481 
-9.47539 -11.2155 26.9315 
-9.89088 -11.4655 27.7474 
-10.2118 -11.9629 27.9241 
-10.3571 -12.6032 27.3877 
-10.2404 -13.1306 26.2051 
-9.85422 -13.3077 24.6494 
-9.27357 -13.0659 23.0567 
-8.57126 -12.4645 21.6107 
-7.73217 -11.5225 20.2713 
-6.58418 -10.0303 18.8484 
-4.57073 -7.08988 17.2678 
0.0982902 0.45171 20.455 
5.38586 8.25824 17.9813 
-10.5897 -11.5495 29.5475 
-11.0086 -13.0229 28.6569 
-10.7238 -14.3407 25.7694 
-9.37564 -14.1237 21.2891 
-7.28469 -11.9119 17.0135 
-5.23374 -8.91793 14.3467 
-3.71642 -6.41954 13.2199 
-2.71236 -4.67995 12.9912 
-1.91062 -3.26554 13.2281 
-0.912959 -1.53543 13.9286 
0.673417 0.964692 16.5615 
-0.18244 -0.250651 15.5092 
2.45607 4.10502 14.1677 
-10.3774 -14.8559 23.6807 
-6.61733 -11.203 15.3172 
-0.956154 -1.72754 10.8079 
3.52172 6.22195 12.2161 
5.82671 9.85929 14.8871 
6.59007 10.8186 16.4217 
6.46059 10.47 16.7882 
5.82445 9.3962 16.5682 
4.93304 7.87826 16.4157 
3.91191 5.97887 17.1669 
-3.06621 -3.88316 20.3065 
-3.93167 -6.22415 16.2068 
-3.44474 -5.74182 14.3849 
3.22884 5.74527 11.8295 
8.39721 13.3157 18.8514 
10.1691 14.2627 24.0138 
10.4612 13.6029 26.126 
10.2659 12.9816 26.5148 
9.86405 12.5657 25.9374 
9.25098 12.1331 24.7006 
8.3165 11.3119 23.0191 
6.88707 9.58089 21.3139 
4.44408 5.33618 22.0948 
-6.1285 -8.52813 20.7351 
-7.5229 -10.6948 21.305 
-8.07025 -11.7202 21.206 
10.2916 13.7638 25.3086 
10.4442 12.2881 28.1012 
10.0805 11.0238 28.8983 
9.72654 10.2989 28.9632 
9.48144 10.0331 28.6878 
9.27899 10.0864 28.0711 
8.95433 10.2226 26.9663 
8.22792 9.96865 25.2318 
6.45052 8.00129 23.2035 
-6.57218 -8.19266 23.221 
-8.193 -10.0801 24.9255 
-8.87102 -10.6913 25.9702 
-9.26804 -11.2707 26.2196 
9.70543 11.0345 27.8542 
9.17386 9.61461 28.4654 
8.75228 8.67097 28.6998 
8.57012 8.20591 28.8843 
8.60186 8.21231 28.9553 
8.70836 8.61949 28.6626 
8.62089 9.17777 27.6337 
7.69401 8.96042 25.367 
-6.56958 -7.6773 24.288 
-8.35365 -9.29861 26.7148 
-8.63571 -9.08234 27.8117 
-8.69206 -9.05754 27.9955 
-8.86023 -9.52168 27.764 
8.6553 9.26906 27.5833 
8.16806 8.07941 28.0452 
7.96157 7.35263 28.5575 
8.08295 7.17421 29.097 
8.42785 7.58464 29.3766 
8.73152 8.47952 28.9173 
8.36256 9.20776 26.8918 
-6.10508 -6.76679 24.7713 
-8.56311 -9.11149 27.5825 
-8.59872 -8.26254 28.8816 
-8.28865 -7.70436 28.877 
-8.13318 -7.78259 28.3814 
-8.28733 -8.46314 27.7962 
8.14594 8.39191 27.5283 
7.842 7.43015 28.151 
7.8932 7.01457 28.8579 
8.26141 7.25585 29.4144 
8.70769 8.14558 29.3098 
8.62703 9.20147 27.6236 
0 0 0.676676 
-8.62703 -9.20147 27.6236 
-8.70769 -8.14558 29.3098 
-8.26141 -7.25585 29.4144 
-7.8932 -7.01457 28.8579 
-7.842 -7.43015 28.151 
-8.14594 -8.39191 27.5283 
8.28733 8.46314 27.7962 
8.13318 7.78259 28.3814 
8.28865 7.70436 28.877 
8.59872 8.26254 28.8816 
8.56311 9.11149 27.5825 
6.10508 6.76679 24.7713 
-8.36256 -9.20776 26.8918 
-8.73152 -8.47952 28.9173 
-8.42785 -7.58464 29.3766 
-8.08295 -7.17421 29.097 
-7.96157 -7.35263 28.5575 
-8.16806 -8.07941 28.0452 
-8.6553 -9.26906 27.5833 
8.86023 9.52168 27.764 
8.69206 9.05754 27.9955 
8.63571 9.08234 27.8117 
8.35365 9.29861 26.7148 
6.56958 7.6773 24.288 
-7.69401 -8.96042 25.367 
-8.62089 -9.17777 27.6337 
-8.70836 -8.61949 28.6626 
-8.60186 -8.21231 28.9553 
-8.57012 -8.20591 28.8843 
-8.75228 -8.67097 28.6998 
-9.17386 -9.61461 28.4654 
-9.70543 -11.0345 27.8542 
9.26804 11.2707 26.2196 
8.87102 10.6913 25.9702 
8.193 10.0801 24.9255 
6.57218 8.19266 23.221 
-6.45052 -8.00129 23.2035 
-8.22792 -9.96865 25.2318 
-8.95433 -10.2226 26.9663 
-9.27899 -10.0864 28.0711 
-9.48144 -10.0331 28.6878 
-9.72654 -10.2989 28.9632 
-10.0805 -11.0238 28.8983 
-10.4442 -12.2881 28.1012 
-10.2916 -13.7638 25.3086 
8.07025 11.7202 21.206 
7.5229 10.6948 21.305 
6.1285 8.52813 20.7351 
-4.44408 -5.33618 22.0948 
-6.88707 -9.58089 21.3139 
-8.3165 -11.3119 23.0191 
-9.25098 -12.1331 24.7006 
-9.86405 -12.5657 25.9374 
-10.2659 -12.9816 26.5148 
-10.4612 -13.6029 26.126 
-10.1691 -14.2627 24.0138 
-8.39721 -13.3157 18.8514 
-3.22884 -5.74527 11.8295 
3.44474 5.74182 14.3849 
3.93167 6.22415 16.2068 
3.06621 3.88316 20.3065 
-3.91191 -5.97887 17.1669 
-4.93304 -7.87826 16.4157 
-5.82445 -9.3962 16.5682 
-6.46059 -10.47 16.7882 
-6.59007 -10.8186 16.4217 
-5.82671 -9.85929 14.8871 
-3.52172 -6.22195 12.2161 
0.956154 1.72754 10.8079 
6.61733 11.203 15.3172 
10.3774 14.8559 23.6807 
-2.45607 -4.10502 14.1677 
0.18244 0.250651 15.5092 
-0.673417 -0.964692 16.5615 
0.912959 1.53543 13.9286 
1.91062 3.26554 13.2281 
2.71236 4.67995 12.9912 
3.71642 6.41954 13.2199 
5.23374 8.91793 14.3467 
7.28469 11.9119 17.0135 
9.37564 14.1237 21.2891 
10.7238 14.3407 25.7694 
11.0086 13.0229 28.6569 
10.5897 11.5495 29.5475 
-5.38586 -8.25824 17.9813 
-0.0982902 -0.45171 20.455 
4.57073 7.08988 17.2678 
6.58418 10.0303 18.8484 
7.73217 11.5225 20.2713 
8.57126 12.4645 21.6107 
9.27357 13.0659 23.0567 
9.85422 13.3077 24.6494 
10.2404 13.1306 26.2051 
10.3571 12.6032 27.3877 
10.2118 11.9629 27.9241 
9.89088 11.4655 27.7474 
9.47539 11.2155 26.9315 
-5.55752 -7.90241 20.0481 
4.81546 6.88061 19.5822 
6.86626 9.60195 21.2526 
7.64536 10.5398 22.1732 
8.17873 11.141 22.8903 
8.59594 11.5617 23.5442 
8.91332 11.827 24.1366 
9.12052 11.9487 24.6093 
9.20154 11.9545 24.8644 
9.14355 11.8893 24.7879 
8.93315 11.784 24.2758 
8.53685 11.5997 23.2482 
7.8785 11.1728 21.6628 
-9.03854 -11.564 25.0159 
-9.49777 -11.6739 26.2696 
-9.82232 -11.867 26.9373 
-10.0214 -12.1901 27.0264 
-10.0602 -12.5456 26.586 
-9.91632 -12.7788 25.76 
-9.61071 -12.7841 24.7572 
-9.18633 -12.5442 23.7446 
-8.66523 -12.0826 22.7705 
-8.01485 -11.3852 21.7624 
-7.08364 -10.2732 20.5282 
-5.22338 -7.76866 18.7514 
2.75522 4.07182 18.3178 
-10.1396 -10.986 29.1161 
-10.6807 -11.8568 29.3739 
-10.9791 -13.1601 28.3754 
-10.6907 -14.2314 25.8418 
-9.68293 -14.2077 22.3341 
-8.27365 -12.9894 19.0965 
-6.94511 -11.3113 16.9365 
-5.92358 -9.79433 15.8089 
-5.10965 -8.47495 15.2942 
-4.21157 -6.96672 15.0183 
-2.80539 -4.59715 14.9458 
-0.142144 -0.300997 17.1994 
1.76609 2.84842 15.4432 
-11.3179 -13.9892 28.1585 
-9.86722 -14.8086 21.8403 
-5.54479 -9.62194 13.7707 
-0.266851 -0.484155 10.6695 
3.40445 6.02577 12.1047 
5.1132 8.77201 14.0087 
5.50065 9.26284 14.8996 
5.12577 8.56978 14.9775 
4.3838 7.28856 14.839 
3.59979 5.88811 15.0702 
2.96965 4.59185 16.4462 
-2.63699 -3.55365 19.0758 
-2.61338 -4.24224 14.9579 
0.502054 0.909466 10.5604 
7.57811 12.4924 16.9084 
10.3001 14.6432 23.7859 
10.8277 13.8796 26.8348 
10.6917 13.0852 27.6405 
10.3696 12.6657 27.3211 
9.91607 12.4517 26.2856 
9.24169 12.121 24.6915 
8.22148 11.2722 22.753 
6.72135 9.43705 20.9762 
4.3131 5.17061 22.0151 
-5.94975 -8.36795 20.3717 
-7.23979 -10.4955 20.5949 
10.5529 13.647 26.3441 
10.4623 11.6827 29.0143 
9.90096 10.1547 29.6116 
9.43891 9.25743 29.6342 
9.18944 8.87453 29.521 
9.11225 8.91715 29.2721 
9.08638 9.26969 28.7241 
8.92703 9.71045 27.6687 
8.35482 9.78654 25.9267 
6.74332 8.25354 23.6816 
-6.60577 -8.08802 23.5557 
-8.19603 -9.87 25.3039 
-8.78733 -10.3853 26.2215 
9.06886 10.0028 27.6176 
8.31567 8.3936 27.9711 
7.74571 7.18536 28.259 
7.52874 6.43029 28.7852 
7.68579 6.21202 29.443 
8.10492 6.56399 29.9466 
8.58663 7.41894 29.9688 
8.85822 8.56729 29.1153 
8.28763 9.22279 26.6621 
-6.61726 -7.59703 24.6498 
-8.58976 -9.02684 27.7783 
-8.50058 -8.21253 28.7048 
-8.22595 -7.92597 28.4132 
7.0396 7.41189 26.0603 
6.44013 5.8918 26.9009 
6.30114 4.80014 28.1847 
6.77845 4.38729 29.7885 
7.75064 4.86103 31.2466 
8.83255 6.21462 31.9635 
9.59207 8.17125 31.3703 
9.36529 9.94922 28.5155 
-5.80524 -6.26477 25.5508 
-9.3911 -9.60241 29.0622 
-9.02747 -7.48209 30.9083 
-7.9536 -5.99262 30.325 
-7.137 -5.69953 28.8651 
5.65342 5.15233 26.0556 
5.61816 3.89335 27.9224 
6.43546 3.40572 30.2965 
8.04218 4.20586 32.5606 
9.69543 6.36746 33.6055 
10.572 9.06402 32.5787 
10.0366 10.9951 28.8368 
-17.4173 -8.96608 47.37 
-10.0048 -10.8461 28.9586 
-10.2069 -8.44848 32.4468 
-8.86761 -5.68437 32.6244 
-7.19258 -4.22418 30.8475 
-6.12454 -4.26078 28.5385 
5.44218 3.98153 27.3888 
6.19057 3.30907 29.9223 
7.92545 4.00236 32.5506 
9.88563 6.43453 33.929 
10.893 9.54457 32.7732 
10.187 11.4512 28.6032 
0 0 1.35335 
-10.187 -11.4512 28.6032 
-10.893 -9.54457 32.7732 
-9.88563 -6.43453 33.929 
-7.92545 -4.00236 32.5506 
-6.19057 -3.30907 29.9223 
-5.44218 -3.98153 27.3888 
6.12454 4.26078 28.5385 
7.19258 4.22418 30.8475 
8.86761 5.68437 32.6244 
10.2069 8.44848 32.4468 
10.0048 10.8461 28.9586 
17.4173 8.96608 47.37 
-10.0366 -10.9951 28.8368 
-10.572 -9.06402 32.5787 
-9.69543 -6.36746 33.6055 
-8.04218 -4.20586 32.5606 
-6.43546 -3.40572 30.2965 
-5.61816 -3.89335 27.9224 
-5.65342 -5.15233 26.0556 
7.137 5.69953 28.8651 
7.9536 5.99262 30.325 
9.02747 7.48209 30.9083 
9.3911 9.60241 29.0622 
5.80524 6.26477 25.5508 
-9.36529 -9.94922 28.5155 
-9.59207 -8.17125 31.3703 
-8.83255 -6.21462 31.9635 
-7.75064 -4.86103 31.2466 
-6.77845 -4.38729 29.7885 
-6.30114 -4.80014 28.1847 
-6.44013 -5.8918 26.9009 
-7.0396 -7.41189 26.0603 
8.22595 7.92597 28.4132 
8.50058 8.21253 28.7048 
8.58976 9.02684 27.7783 
6.61726 7.59703 24.6498 
-8.28763 -9.22279 26.6621 
-8.85822 -8.56729 29.1153 
-8.58663 -7.41894 29.9688 
-8.10492 -6.56399 29.9466 
-7.68579 -6.21202 29.443 
-7.52874 -6.43029 28.7852 
-7.74571 -7.18536 28.259 
-8.31567 -8.3936 27.9711 
-9.06886 -10.0028 27.6176 
8.78733 10.3853 26.2215 
8.19603 9.87 25.3039 
6.60577 8.08802 23.5557 
-6.74332 -8.25354 23.6816 
-8.35482 -9.78654 25.9267 
-8.92703 -9.71045 27.6687 
-9.08638 -9.26969 28.7241 
-9.11225 -8.91715 29.2721 
-9.18944 -8.87453 29.521 
-9.43891 -9.25743 29.6342 
-9.90096 -10.1547 29.6116 
-10.4623 -11.6827 29.0143 
-10.5529 -13.647 26.3441 
7.23979 10.4955 20.5949 
5.94975 8.36795 20.3717 
-4.3131 -5.17061 22.0151 
-6.72135 -9.43705 20.9762 
-8.22148 -11.2722 22.753 
-9.24169 -12.121 24.6915 
-9.91607 -12.4517 26.2856 
-10.3696 -12.6657 27.3211 
-10.6917 -13.0852 27.6405 
-10.8277 -13.8796 26.8348 
-10.3001 -14.6432 23.7859 
-7.57811 -12.4924 16.9084 
-0.502054 -0.909466 10.5604 
2.61338 4.24224 14.9579 
2.63699 3.55365 19.0758 
-2.96965 -4.59185 16.4462 
-3.59979 -5.88811 15.0702 
-4.3838 -7.28856 14.839 
-5.12577 -8.56978 14.9775 
-5.50065 -9.26284 14.8996 
-5.1132 -8.77201 14.0087 
-3.40445 -6.02577 12.1047 
0.266851 0.484155 10.6695 
5.54479 9.62194 13.7707 
9.86722 14.8086 21.8403 
11.3179 13.9892 28.1585 
-1.76609 -2.84842 15.4432 
0.142144 0.300997 17.1994 
2.80539 4.59715 14.9458 
4.21157 6.96672 15.0183 
5.10965 8.47495 15.2942 
5.92358 9.79433 15.8089 
6.94511 11.3113 16.9365 
8.27365 12.9894 19.0965 
9.68293 14.2077 22.3341 
10.6907 14.2314 25.8418 
10.9791 13.1601 28.3754 
10.6807 11.8568 29.3739 
10.1396 10.986 29.1161 
-2.75522 -4.07182 18.3178 
5.22338 7.76866 18.7514 
7.08364 10.2732 20.5282 
8.01485 11.3852 21.7624 
8.66523 12.0826 22.7705 
9.18633 12.5442 23.7446 
9.61071 12.7841 24.7572 
9.91632 12.7788 25.76 
10.0602 12.5456 26.586 
10.0214 12.1901 27.0264 
9.82232 11.867 26.9373 
9.49777 11.6739 26.2696 
9.03854 11.564 25.0159 
-9.60271 -11.2868 27.1903 
-10.0522 -11.4682 28.1962 
-10.434 -11.984 28.5188 
-10.6529 -12.7585 28.0188 
-10.577 -13.4747 26.7017 
-10.1782 -13.7855 24.9026 
-9.57997 -13.6003 23.142 
-8.93852 -13.0764 21.7579 
-8.31148 -12.3712 20.7522 
-7.63274 -11.4899 19.909 
-6.72082 -10.2342 18.9471 
-5.13624 -7.92943 17.6564 
-0.99623 -1.55526 18.6808 
-10.8022 -11.4386 30.2527 
-11.3313 -13.3056 29.1711 
-10.8231 -14.9233 25.1205 
-8.5283 -13.6335 18.6863 
-5.11187 -8.89229 13.4712 
-2.17347 -3.8841 11.4274 
-0.500096 -0.894649 11.2639 
0.0653837 0.112996 11.6152 
0.000948098 -0.00230419 12.0795 
-0.193074 -0.338906 12.684 
-0.0748763 -0.137706 13.5628 
0.699621 1.07558 15.4521 
-1.19241 -1.68039 17.3726 
-8.91639 -14.1661 19.2021 
-1.4249 -2.59265 10.5254 
6.0161 10.3772 14.241 
9.45521 14.4582 20.8926 
10.4175 14.5836 24.3103 
10.4331 14.0855 25.2318 
10.0501 13.636 24.7226 
9.36921 13.0963 23.3315 
8.36931 12.151 21.4627 
7.06599 10.5676 19.6418 
5.53432 8.28469 18.5936 
3.60288 4.44046 21.0825 
-4.77763 -7.10506 18.3129 
9.75269 14.5012 22.0058 
11.0763 13.355 28.3678 
10.6784 11.2588 30.1596 
10.1103 9.96072 30.3936 
9.72311 9.34458 30.225 
9.53631 9.23449 29.907 
9.46299 9.49924 29.3733 
9.36003 9.96771 28.4593 
9.03804 10.3494 27.0086 
8.24965 10.1434 24.9932 
6.54528 8.29974 22.8983 
-5.94389 -7.41625 22.6836 
-7.83695 -10.0411 23.8353 
9.60278 10.7312 28.0142 
8.72573 8.83338 28.4029 
7.93565 7.39641 28.4313 
7.47252 6.37875 28.7222 
7.4159 5.84627 29.3065 
7.70712 5.86561 29.9368 
8.17975 6.41302 30.3053 
8.63984 7.36822 30.1571 
8.87241 8.51376 29.2224 
8.41608 9.23912 26.9913 
-5.68111 -5.68096 26.1463 
-8.38841 -9.13113 27.0777 
-8.51194 -8.55859 28.2472 
6.83197 7.52279 25.2761 
5.99424 5.70108 26.0436 
5.57077 4.17344 27.401 
5.91436 3.25615 29.4261 
7.08879 3.33348 31.6622 
8.58622 4.55724 33.2547 
9.71983 6.4568 33.5626 
10.2537 8.50614 32.487 
9.96339 10.2925 29.6009 
6.71019 7.98424 24.3412 
-9.3526 -10.2646 28.0328 
-9.4946 -8.11022 31.2196 
-8.24225 -6.01305 30.9315 
4.22297 3.58062 24.9935 
4.32532 1.99508 27.8514 
6.20262 1.38921 32.1446 
10.5562 4.78302 36.8302 
13.4579 12.5086 35.5836 
13.0803 15.319 31.3769 
12.1834 14.7447 29.6075 
10.6985 13.4545 27.1108 
6.87918 8.93405 22.9628 
-9.3293 -11.9804 25.2587 
-11.5847 -12.4332 31.0146 
-11.3876 -8.88408 34.6024 
-8.93383 -4.50626 33.9826 
4.38562 0.440263 30.0334 
10.0316 3.12056 37.2961 
11.7148 18.5339 21.8834 
-1.44427 -2.75236 8.29905 
0.525585 0.987564 8.94667 
6.52474 11.282 14.4289 
8.49598 12.9407 20.2285 
5.61048 7.3841 22.089 
-8.19303 -11.9318 21.2794 
-9.46841 -14.6324 20.5764 
-9.95725 -15.9312 19.831 
-13.1449 -17.3165 28.883 
-11.6744 -6.48328 37.504 
11.0088 4.33769 38.0691 
8.6068 15.2081 14.8466 
-4.93545 -9.14513 10.6018 
-2.12213 -3.9494 9.56327 
4.76326 8.42084 12.6546 
7.36409 11.4559 18.7436 
0 0 2.03003 
-7.36409 -11.4559 18.7436 
-4.76326 -8.42084 12.6546 
2.12213 3.9494 9.56327 
4.93545 9.14513 10.6018 
-8.6068 -15.2081 14.8466 
-11.0088 -4.33769 38.0691 
11.6744 6.48328 37.504 
13.1449 17.3165 28.883 
9.95725 15.9312 19.831 
9.46841 14.6324 20.5764 
8.19303 11.9318 21.2794 
-5.61048 -7.3841 22.089 
-8.49598 -12.9407 20.2285 
-6.52474 -11.282 14.4289 
-0.525585 -0.987564 8.94667 
1.44427 2.75236 8.29905 
-11.7148 -18.5339 21.8834 
-10.0316 -3.12056 37.2961 
-4.38562 -0.440263 30.0334 
8.93383 4.50626 33.9826 
11.3876 8.88408 34.6024 
11.5847 12.4332 31.0146 
9.3293 11.9804 25.2587 
-6.87918 -8.93405 22.9628 
-10.6985 -13.4545 27.1108 
-12.1834 -14.7447 29.6075 
-13.0803 -15.319 31.3769 
-13.4579 -12.5086 35.5836 
-10.5562 -4.78302 36.8302 
-6.20262 -1.38921 32.1446 
-4.32532 -1.99508 27.8514 
-4.22297 -3.58062 24.9935 
8.24225 6.01305 30.9315 
9.4946 8.11022 31.2196 
9.3526 10.2646 28.0328 
-6.71019 -7.98424 24.3412 
-9.96339 -10.2925 29.6009 
-10.2537 -8.50614 32.487 
-9.71983 -6.4568 33.5626 
-8.58622 -4.55724 33.2547 
-7.08879 -3.33348 31.6622 
-5.91436 -3.25615 29.4261 
-5.57077 -4.17344 27.401 
-5.99424 -5.70108 26.0436 
-6.83197 -7.52279 25.2761 
8.51194 8.55859 28.2472 
8.38841 9.13113 27.0777 
5.68111 5.68096 26.1463 
-8.41608 -9.23912 26.9913 
-8.87241 -8.51376 29.2224 
-8.63984 -7.36822 30.1571 
-8.17975 -6.41302 30.3053 
-7.70712 -5.86561 29.9368 
-7.4159 -5.84627 29.3065 
-7.47252 -6.37875 28.7222 
-7.93565 -7.39641 28.4313 
-8.72573 -8.83338 28.4029 
-9.60278 -10.7312 28.0142 
7.83695 10.0411 23.8353 
5.94389 7.41625 22.6836 
-6.54528 -8.29974 22.8983 
-8.24965 -10.1434 24.9932 
-9.03804 -10.3494 27.0086 
-9.36003 -9.96771 28.4593 
-9.46299 -9.49924 29.3733 
-9.53631 -9.23449 29.907 
-9.72311 -9.34458 30.225 
-10.1103 -9.96072 30.3936 
-10.6784 -11.2588 30.1596 
-11.0763 -13.355 28.3678 
-9.75269 -14.5012 22.0058 
4.77763 7.10506 18.3129 
-3.60288 -4.44046 21.0825 
-5.53432 -8.28469 18.5936 
-7.06599 -10.5676 19.6418 
-8.36931 -12.151 21.4627 
-9.36921 -13.0963 23.3315 
-10.0501 -13.636 24.7226 
-10.4331 -14.0855 25.2318 
-10.4175 -14.5836 24.3103 
-9.45521 -14.4582 20.8926 
-6.0161 -10.3772 14.241 
1.4249 2.59265 10.5254 
8.91639 14.1661 19.2021 
1.19241 1.68039 17.3726 
-0.699621 -1.07558 15.4521 
0.0748763 0.137706 13.5628 
0.193074 0.338906 12.684 
-0.000948098 0.00230419 12.0795 
-0.0653837 -0.112996 11.6152 
0.500096 0.894649 11.2639 
2.17347 3.8841 11.4274 
5.11187 8.89229 13.4712 
8.5283 13.6335 18.6863 
10.8231 14.9233 25.1205 
11.3313 13.3056 29.1711 
10.8022 11.4386 30.2527 
0.99623 1.55526 18.6808 
5.13624 7.92943 17.6564 
6.72082 10.2342 18.9471 
7.63274 11.4899 19.909 
8.31148 12.3712 20.7522 
8.93852 13.0764 21.7579 
9.57997 13.6003 23.142 
10.1782 13.7855 24.9026 
10.577 13.4747 26.7017 
10.6529 12.7585 28.0188 
10.434 11.984 28.5188 
10.0522 11.4682 28.1962 
9.60271 11.2868 27.1903 
-9.92523 -10.9979 28.5213 
-10.4495 -11.4125 29.3578 
-10.9087 -12.3866 29.2673 
-11.0425 -13.6462 27.8476 
-10.5743 -14.4391 25.1072 
-9.55803 -14.1738 21.9154 
-8.41001 -13.1275 19.3874 
-7.50546 -11.9966 17.9479 
-6.90762 -11.1073 17.3526 
-6.43886 -10.3286 17.1473 
-5.82765 -9.31483 16.921 
-4.71503 -7.52582 16.4323 
-2.33102 -3.66694 16.3064 
-11.3495 -12.4351 30.3922 
-11.3213 -14.9356 26.7331 
-8.49896 -13.7673 18.2036 
-2.80695 -5.06381 11.1455 
2.39065 4.30686 11.0939 
5.2039 9.02433 13.6262 
6.12097 10.3308 15.1424 
5.90027 9.8888 15.2829 
5.02322 8.45217 14.6977 
3.86976 6.52616 14.1314 
2.83455 4.73327 14.1264 
2.25656 3.63282 15.0882 
2.22712 2.69104 20.2683 
-2.35532 -4.27158 10.8148 
7.23646 12.1884 15.8831 
10.9718 15.0991 25.3203 
11.4218 13.4759 29.1848 
11.1204 12.1649 30.1325 
10.7825 11.6092 29.9717 
10.4977 11.5884 29.2413 
10.174 11.8295 28.0056 
9.65521 11.9932 26.226 
8.78133 11.6519 23.9964 
7.44873 10.3734 21.7374 
5.53867 7.64952 20.477 
-4.71558 -6.19317 20.8695 
10.8662 13.4095 27.6708 
10.3497 10.6991 30.043 
9.42115 8.8217 30.1574 
8.70982 7.6586 29.9477 
8.33653 7.00174 29.9181 
8.28548 6.81316 30.0411 
8.45777 7.07356 30.1072 
8.71068 7.70366 29.8936 
8.88476 8.54455 29.2085 
8.77768 9.30509 27.8656 
8.04032 9.35736 25.7153 
5.49302 5.86936 24.6509 
-7.63039 -9.12514 24.8738 
8.37521 9.40198 26.6007 
7.30787 7.43753 26.7536 
6.39389 5.6925 27.0919 
5.9758 4.31286 28.1314 
6.27086 3.56248 29.7687 
7.18483 3.67922 31.4609 
8.25265 4.61109 32.5405 
9.0693 6.00294 32.6954 
9.55155 7.60661 31.9396 
9.58241 9.24297 30.0185 
8.10521 9.41093 25.8617 
-8.22781 -9.43832 26.167 
-9.03893 -8.54232 29.597 
4.83753 5.22599 23.5506 
4.13646 3.2236 25.4202 
4.35857 1.47645 28.6494 
7.2179 1.3534 33.9369 
13.0133 9.06473 37.947 
13.3504 17.6779 29.0069 
12.3169 17.4028 26.0808 
12.2919 15.8137 28.4226 
11.3994 14.0136 28.3644 
9.13494 11.8182 24.9163 
-7.04854 -9.06661 23.2619 
-10.8331 -12.2199 29.2949 
-11.0655 -9.20494 33.5442 
2.89554 -0.34813 28.4047 
10.174 2.13725 38.3564 
-14.7889 -17.5053 33.4387 
-10.8782 -4.87945 37.3591 
-11.1993 -6.751 36.3025 
-12.7574 -12.7441 33.619 
-9.12099 -14.6541 18.9758 
2.04481 3.64792 11.4923 
6.30709 9.73268 18.3292 
-5.28199 -7.1663 21.3039 
-7.08154 -11.3904 17.4621 
-5.21985 -9.25055 12.745 
-5.14015 -9.37948 11.4103 
-7.1216 0.0253287 35.0466 
-5.765 -0.99192 31.8062 
-6.74377 -2.81532 31.5799 
-8.63984 -5.25342 32.6233 
-10.8937 -9.64457 32.6564 
-10.3703 -14.2995 24.648 
-2.05484 -3.53072 12.888 
3.86764 5.88352 17.7847 
-4.03727 -6.06864 18.195 
0.84746 1.4691 12.2917 
9.85329 14.7257 21.9464 
12.2631 11.9829 33.2638 
11.1651 7.03234 35.967 
-6.20813 -1.98499 31.508 
-7.68409 -4.04531 32.0313 
-9.7526 -7.25398 32.7732 
-11.1477 -12.395 29.8994 
-7.134 -11.3198 17.9141 
1.2372 2.06615 14.3308 
0 0 2.70671 
-1.2372 -2.06615 14.3308 
7.134 11.3198 17.9141 
11.1477 12.395 29.8994 
9.7526 7.25398 32.7732 
7.68409 4.04531 32.0313 
6.20813 1.98499 31.508 
-11.1651 -7.03234 35.967 
-12.2631 -11.9829 33.2638 
-9.85329 -14.7257 21.9464 
-0.84746 -1.4691 12.2917 
4.03727 6.06864 18.195 
-3.86764 -5.88352 17.7847 
2.05484 3.53072 12.888 
10.3703 14.2995 24.648 
10.8937 9.64457 32.6564 
8.63984 5.25342 32.6233 
6.74377 2.81532 31.5799 
5.765 0.99192 31.8062 
7.1216 -0.0253287 35.0466 
5.14015 9.37948 11.4103 
5.21985 9.25055 12.745 
7.08154 11.3904 17.4621 
5.28199 7.1663 21.3039 
-6.30709 -9.73268 18.3292 
-2.04481 -3.64792 11.4923 
9.12099 14.6541 18.9758 
12.7574 12.7441 33.619 
11.1993 6.751 36.3025 
10.8782 4.87945 37.3591 
14.7889 17.5053 33.4387 
-10.174 -2.13725 38.3564 
-2.89554 0.34813 28.4047 
11.0655 9.20494 33.5442 
10.8331 12.2199 29.2949 
7.04854 9.06661 23.2619 
-9.13494 -11.8182 24.9163 
-11.3994 -14.0136 28.3644 
-12.2919 -15.8137 28.4226 
-12.3169 -17.4028 26.0808 
-13.3504 -17.6779 29.0069 
-13.0133 -9.06473 37.947 
-7.2179 -1.3534 33.9369 
-4.35857 -1.47645 28.6494 
-4.13646 -3.2236 25.4202 
-4.83753 -5.22599 23.5506 
9.03893 8.54232 29.597 
8.22781 9.43832 26.167 
-8.10521 -9.41093 25.8617 
-9.58241 -9.24297 30.0185 
-9.55155 -7.60661 31.9396 
-9.0693 -6.00294 32.6954 
-8.25265 -4.61109 32.5405 
-7.18483 -3.67922 31.4609 
-6.27086 -3.56248 29.7687 
-5.9758 -4.31286 28.1314 
-6.39389 -5.6925 27.0919 
-7.30787 -7.43753 26.7536 
-8.37521 -9.40198 26.6007 
7.63039 9.12514 24.8738 
-5.49302 -5.86936 24.6509 
-8.04032 -9.35736 25.7153 
-8.77768 -9.30509 27.8656 
-8.88476 -8.54455 29.2085 
-8.71068 -7.70366 29.8936 
-8.45777 -7.07356 30.1072 
-8.28548 -6.81316 30.0411 
-8.33653 -7.00174 29.9181 
-8.70982 -7.6586 29.9477 
-9.42115 -8.8217 30.1574 
-10.3497 -10.6991 30.043 
-10.8662 -13.4095 27.6708 
4.71558 6.19317 20.8695 
-5.53867 -7.64952 20.477 
-7.44873 -10.3734 21.7374 
-8.78133 -11.6519 23.9964 
-9.65521 -11.9932 26.226 
-10.174 -11.8295 28.0056 
-10.4977 -11.5884 29.2413 
-10.7825 -11.6092 29.9717 
-11.1204 -12.1649 30.1325 
-11.4218 -13.4759 29.1848 
-10.9718 -15.0991 25.3203 
-7.23646 -12.1884 15.8831 
2.35532 4.27158 10.8148 
-2.22712 -2.69104 20.2683 
-2.25656 -3.63282 15.0882 
-2.83455 -4.73327 14.1264 
-3.86976 -6.52616 14.1314 
-5.02322 -8.45217 14.6977 
-5.90027 -9.8888 15.2829 
-6.12097 -10.3308 15.1424 
-5.2039 -9.02433 13.6262 
-2.39065 -4.30686 11.0939 
2.80695 5.06381 11.1455 
8.49896 13.7673 18.2036 
11.3213 14.9356 26.7331 
11.3495 12.4351 30.3922 
2.33102 3.66694 16.3064 
4.71503 7.52582 16.4323 
5.82765 9.31483 16.921 
6.43886 10.3286 17.1473 
6.90762 11.1073 17.3526 
7.50546 11.9966 17.9479 
8.41001 13.1275 19.3874 
9.55803 14.1738 21.9154 
10.5743 14.4391 25.1072 
11.0425 13.6462 27.8476 
10.9087 12.3866 29.2673 
10.4495 11.4125 29.3578 
9.92523 10.9979 28.5213 
-10.1114 -10.8308 29.2529 
-10.7143 -11.4527 30.0039 
-11.2229 -12.8287 29.525 
-11.1658 -14.4093 27.0651 
-10.0769 -14.7751 22.7195 
-8.19502 -13.1647 18.2676 
-6.39831 -10.763 15.4346 
-5.30103 -9.04619 14.3186 
-4.90112 -8.33772 14.2593 
-4.85377 -8.16042 14.6842 
-4.75561 -7.88155 15.1658 
-4.23878 -6.93732 15.4026 
-2.84114 -4.58308 15.5009 
-11.6272 -13.1755 30.1661 
-10.7867 -15.5001 23.9822 
-5.36055 -9.44136 13.0694 
2.45817 4.46142 10.7837 
7.34645 12.3103 16.1496 
9.16838 14.2292 20.1771 
9.46664 14.2091 21.4703 
9.00848 13.5941 20.9123 
8.03004 12.4484 19.3025 
6.65545 10.6311 17.3896 
5.1241 8.32989 15.944 
3.79386 6.125 15.5602 
2.9004 4.38595 16.9666 
2.09855 3.81543 10.6312 
10.222 15.2429 22.3568 
11.6537 13.5992 29.6668 
11.1529 11.2059 31.4352 
10.5603 9.94083 31.52 
10.193 9.49573 31.1772 
10.024 9.60096 30.6373 
9.94128 10.0744 29.8222 
9.79132 10.7046 28.5694 
9.387 11.1608 26.7518 
8.53836 10.9664 24.4454 
7.08649 9.55419 22.1576 
4.63517 5.50153 22.4126 
10.7236 12.3911 28.742 
9.7617 9.61645 29.9683 
8.64187 7.77579 29.6342 
7.81665 6.49406 29.3732 
7.41267 5.63644 29.5725 
7.44173 5.27309 30.0979 
7.77696 5.44772 30.6063 
8.22322 6.08694 30.8001 
8.62793 7.0483 30.5289 
8.86908 8.1555 29.6878 
8.74172 9.09191 28.0834 
7.69177 8.91401 25.4452 
-6.56708 -7.64011 24.3591 
7.79574 9.01172 25.5548 
6.60185 6.86447 25.7513 
5.52365 4.77949 26.3353 
5.10419 3.01228 28.0486 
5.95999 2.06924 30.9571 
8.22477 2.89475 34.2339 
10.403 5.45483 35.9247 
11.1838 7.4991 35.5571 
11.0934 8.58762 34.2645 
10.7374 9.63479 32.3076 
9.91656 10.63 29.0227 
6.22006 7.20349 24.5079 
-9.35454 -10.1742 28.1682 
3.68385 3.91357 22.6048 
3.09936 1.89767 25.1766 
4.13237 -0.0802086 30.2236 
14.4246 11.5241 38.7972 
-14.5847 -15.2864 35.4143 
-12.773 -9.12095 37.379 
-13.3755 -13.8653 33.9021 
-9.20691 -15.1635 18.1498 
3.35069 6.06379 11.1492 
8.60663 13.237 20.0166 
6.96677 9.65849 21.6175 
-7.86814 -10.9096 22.2714 
-11.0245 -14.4169 26.6138 
9.45018 0.0715596 38.7353 
-9.64792 -0.888417 38.4369 
-4.29527 0.0619834 30.478 
-4.8462 -1.95557 28.9675 
-6.3659 -3.8343 29.6203 
-8.36352 -6.03397 31.1653 
-10.5368 -9.95225 31.4486 
-9.89482 -13.8656 23.7671 
-1.6489 -2.82326 12.9168 
4.00537 6.05139 18.0285 
-4.31741 -6.46888 18.3532 
-0.735912 -1.2948 12.0611 
7.69381 12.7931 16.6692 
-3.16999 -2.10002 24.9708 
-4.27884 -3.52885 25.2409 
-5.5743 -5.10325 25.9277 
-6.9595 -6.79226 26.8391 
-8.24196 -8.79236 27.1795 
-8.64425 -10.8223 25.0385 
-6.10749 -9.18621 18.812 
-0.47061 -0.677132 15.7439 
2.52275 4.20564 25.2254 
-1.16577 -1.88002 16.459 
5.09521 8.11599 16.5632 
9.95169 12.6325 26.0997 
9.99433 9.11937 31.1605 
-6.64682 -6.24046 26.8865 
-7.71085 -7.87839 27.1468 
-8.3423 -9.67509 26.063 
-7.48958 -10.1868 22.2893 
-4.04096 -6.13172 17.3649 
0.382587 0.724474 17.6527 
0 0 3.38338 
-0.382587 -0.724474 17.6527 
4.04096 6.13172 17.3649 
7.48958 10.1868 22.2893 
8.3423 9.67509 26.063 
7.71085 7.87839 27.1468 
6.64682 6.24046 26.8865 
-9.99433 -9.11937 31.1605 
-9.95169 -12.6325 26.0997 
-5.09521 -8.11599 16.5632 
1.16577 1.88002 16.459 
-2.52275 -4.20564 25.2254 
0.47061 0.677132 15.7439 
6.10749 9.18621 18.812 
8.64425 10.8223 25.0385 
8.24196 8.79236 27.1795 
6.9595 6.79226 26.8391 
5.5743 5.10325 25.9277 
4.27884 3.52885 25.2409 
3.16999 2.10002 24.9708 
-7.69381 -12.7931 16.6692 
0.735912 1.2948 12.0611 
4.31741 6.46888 18.3532 
-4.00537 -6.05139 18.0285 
1.6489 2.82326 12.9168 
9.89482 13.8656 23.7671 
10.5368 9.95225 31.4486 
8.36352 6.03397 31.1653 
6.3659 3.8343 29.6203 
4.8462 1.95557 28.9675 
4.29527 -0.0619834 30.478 
9.64792 0.888417 38.4369 
-9.45018 -0.0715596 38.7353 
11.0245 14.4169 26.6138 
7.86814 10.9096 22.2714 
-6.96677 -9.65849 21.6175 
-8.60663 -13.237 20.0166 
-3.35069 -6.06379 11.1492 
9.20691 15.1635 18.1498 
13.3755 13.8653 33.9021 
12.773 9.12095 37.379 
14.5847 15.2864 35.4143 
-14.4246 -11.5241 38.7972 
-4.13237 0.0802086 30.2236 
-3.09936 -1.89767 25.1766 
-3.68385 -3.91357 22.6048 
9.35454 10.1742 28.1682 
-6.22006 -7.20349 24.5079 
-9.91656 -10.63 29.0227 
-10.7374 -9.63479 32.3076 
-11.0934 -8.58762 34.2645 
-11.1838 -7.4991 35.5571 
-10.403 -5.45483 35.9247 
-8.22477 -2.89475 34.2339 
-5.95999 -2.06924 30.9571 
-5.10419 -3.01228 28.0486 
-5.52365 -4.77949 26.3353 
-6.60185 -6.86447 25.7513 
-7.79574 -9.01172 25.5548 
6.56708 7.64011 24.3591 
-7.69177 -8.91401 25.4452 
-8.74172 -9.09191 28.0834 
-8.86908 -8.1555 29.6878 
-8.62793 -7.0483 30.5289 
-8.22322 -6.08694 30.8001 
-7.77696 -5.44772 30.6063 
-7.44173 -5.27309 30.0979 
-7.41267 -5.63644 29.5725 
-7.81665 -6.49406 29.3732 
-8.64187 -7.77579 29.6342 
-9.7617 -9.61645 29.9683 
-10.7236 -12.3911 28.742 
-4.63517 -5.50153 22.4126 
-7.08649 -9.55419 22.1576 
-8.53836 -10.9664 24.4454 
-9.387 -11.1608 26.7518 
-9.79132 -10.7046 28.5694 
-9.94128 -10.0744 29.8222 
-10.024 -9.60096 30.6373 
-10.193 -9.49573 31.1772 
-10.5603 -9.94083 31.52 
-11.1529 -11.2059 31.4352 
-11.6537 -13.5992 29.6668 
-10.222 -15.2429 22.3568 
-2.09855 -3.81543 10.6312 
-2.9004 -4.38595 16.9666 
-3.79386 -6.125 15.5602 
-5.1241 -8.32989 15.944 
-6.65545 -10.6311 17.3896 
-8.03004 -12.4484 19.3025 
-9.00848 -13.5941 20.9123 
-9.46664 -14.2091 21.4703 
-9.16838 -14.2292 20.1771 
-7.34645 -12.3103 16.1496 
-2.45817 -4.46142 10.7837 
5.36055 9.44136 13.0694 
10.7867 15.5001 23.9822 
11.6272 13.1755 30.1661 
2.84114 4.58308 15.5009 
4.23878 6.93732 15.4026 
4.75561 7.88155 15.1658 
4.85377 8.16042 14.6842 
4.90112 8.33772 14.2593 
5.30103 9.04619 14.3186 
6.39831 10.763 15.4346 
8.19502 13.1647 18.2676 
10.0769 14.7751 22.7195 
11.1658 14.4093 27.0651 
11.2229 12.8287 29.525 
10.7143 11.4527 30.0039 
10.1114 10.8308 29.2529 
-10.1715 -10.7648 29.4999 
-10.8107 -11.4101 30.3108 
-11.3695 -12.9552 29.7558 
-11.2343 -14.7331 26.7751 
-9.72214 -14.7445 21.3886 
-7.15724 -11.9587 16.1431 
-4.82591 -8.41026 13.2723 
-3.56395 -6.2683 12.4372 
-3.32935 -5.81917 12.6258 
-3.66202 -6.30843 13.3082 
-4.05011 -6.84698 14.1626 
-4.0779 -6.76738 14.8537 
-3.38319 -5.52451 15.2042 
-11.7013 -12.9912 30.607 
-10.9151 -15.6605 24.155 
-4.67345 -8.34504 12.1868 
4.18555 7.50639 11.8053 
9.03064 14.3786 19.2154 
10.5059 15.1287 23.6388 
10.639 14.701 24.8705 
10.2187 14.246 24.2195 
9.3876 13.6089 22.3938 
8.12271 12.3617 19.9367 
6.50814 10.3039 17.5823 
4.851 7.80835 16.1288 
3.5407 5.58417 16.1492 
1.68294 3.07478 10.3428 
10.6188 15.5445 23.2837 
11.7921 13.0262 30.8005 
11.011 10.2872 32.1907 
10.2778 8.9243 32.0578 
9.86064 8.42503 31.6815 
9.70725 8.49233 31.2469 
9.70636 8.97531 30.6523 
9.7227 9.72922 29.7244 
9.58735 10.5204 28.2805 
9.09849 10.9531 26.2275 
8.06673 10.4807 23.7722 
6.30938 8.42169 21.741 
10.9045 12.5478 29.0263 
9.80614 9.41953 30.3322 
8.51663 7.43413 29.7815 
7.54792 6.02543 29.3711 
7.05098 4.9971 29.5971 
7.08451 4.46895 30.3301 
7.51023 4.54698 31.1169 
8.04805 5.15042 31.5274 
8.5097 6.09767 31.4075 
8.84103 7.24513 30.7714 
8.96091 8.42688 29.5555 
8.60504 9.23117 27.5165 
6.8327 7.95925 24.58 
8.1411 9.52222 25.7209 
6.84222 7.251 25.774 
5.52083 4.95893 26.0305 
4.80009 2.83769 27.6373 
5.68951 1.48522 31.1288 
9.38268 3.18085 36.0699 
13.1375 10.0784 37.2721 
13.5181 13.2776 34.911 
12.8322 12.128 34.4871 
11.8732 10.898 33.549 
10.9597 10.8473 31.4002 
9.52504 10.9353 27.5211 
-6.14183 -7.11985 24.4882 
4.00217 4.78986 21.5777 
3.18169 2.77125 23.5976 
2.98124 0.358234 27.5319 
11.0125 3.15865 39.0373 
-11.9934 -5.38176 39.0731 
-7.90791 -2.17246 34.3562 
-9.08669 -4.31104 34.4674 
-11.682 -9.16465 34.9603 
-11.5125 -16.1105 25.4587 
-0.202011 -0.365844 10.4434 
7.25054 11.5492 17.9003 
6.0708 8.30824 21.391 
-7.90704 -11.2367 21.6977 
1.65676 -2.43685 29.2127 
15.5853 12.3884 40.6606 
-4.28517 1.72213 32.2802 
-3.07886 -0.660021 27.2639 
-4.36828 -3.04272 26.3185 
-6.06756 -5.12658 27.1482 
-7.87877 -7.16667 28.6112 
-9.56363 -10.026 28.9115 
-9.20431 -12.6299 23.6259 
-2.96792 -4.93399 14.2882 
3.13727 4.81642 17.4162 
-3.77172 -5.46921 19.3347 
-0.483425 -0.842782 12.6752 
-1.62873 -1.19363 22.2256 
-1.97935 -1.55508 22.5299 
-2.64033 -2.49622 22.4193 
-3.51324 -3.80785 22.2436 
-4.43794 -5.23846 22.1283 
-5.15002 -6.48131 21.8101 
-5.20457 -6.99913 20.7098 
-3.92898 -5.62616 18.6189 
-1.07397 -1.44582 17.5127 
1.75245 2.81816 21.6986 
-1.9113 -2.95606 21.1197 
1.58749 2.43215 15.9318 
6.96857 10.3274 19.8071 
-5.45904 -7.30356 20.9971 
-3.92774 -5.36771 19.5153 
-2.28832 -2.98597 19.059 
-0.826814 -0.735784 19.8038 
0.27208 1.0912 21.8048 
0.603847 2.74586 25.8334 
0 0 4.06006 
-0.603847 -2.74586 25.8334 
-0.27208 -1.0912 21.8048 
0.826814 0.735784 19.8038 
2.28832 2.98597 19.059 
3.92774 5.36771 19.5153 
5.45904 7.30356 20.9971 
-6.96857 -10.3274 19.8071 
-1.58749 -2.43215 15.9318 
1.9113 2.95606 21.1197 
-1.75245 -2.81816 21.6986 
1.07397 1.44582 17.5127 
3.92898 5.62616 18.6189 
5.20457 6.99913 20.7098 
5.15002 6.48131 21.8101 
4.43794 5.23846 22.1283 
3.51324 3.80785 22.2436 
2.64033 2.49622 22.4193 
1.97935 1.55508 22.5299 
1.62873 1.19363 22.2256 
0.483425 0.842782 12.6752 
3.77172 5.46921 19.3347 
-3.13727 -4.81642 17.4162 
2.96792 4.93399 14.2882 
9.20431 12.6299 23.6259 
9.56363 10.026 28.9115 
7.87877 7.16667 28.6112 
6.06756 5.12658 27.1482 
4.36828 3.04272 26.3185 
3.07886 0.660021 27.2639 
4.28517 -1.72213 32.2802 
-15.5853 -12.3884 40.6606 
-1.65676 2.43685 29.2127 
7.90704 11.2367 21.6977 
-6.0708 -8.30824 21.391 
-7.25054 -11.5492 17.9003 
0.202011 0.365844 10.4434 
11.5125 16.1105 25.4587 
11.682 9.16465 34.9603 
9.08669 4.31104 34.4674 
7.90791 2.17246 34.3562 
11.9934 5.38176 39.0731 
-11.0125 -3.15865 39.0373 
-2.98124 -0.358234 27.5319 
-3.18169 -2.77125 23.5976 
-4.00217 -4.78986 21.5777 
6.14183 7.11985 24.4882 
-9.52504 -10.9353 27.5211 
-10.9597 -10.8473 31.4002 
-11.8732 -10.898 33.549 
-12.8322 -12.128 34.4871 
-13.5181 -13.2776 34.911 
-13.1375 -10.0784 37.2721 
-9.38268 -3.18085 36.0699 
-5.68951 -1.48522 31.1288 
-4.80009 -2.83769 27.6373 
-5.52083 -4.95893 26.0305 
-6.84222 -7.251 25.774 
-8.1411 -9.52222 25.7209 
-6.8327 -7.95925 24.58 
-8.60504 -9.23117 27.5165 
-8.96091 -8.42688 29.5555 
-8.84103 -7.24513 30.7714 
-8.5097 -6.09767 31.4075 
-8.04805 -5.15042 31.5274 
-7.51023 -4.54698 31.1169 
-7.08451 -4.46895 30.3301 
-7.05098 -4.9971 29.5971 
-7.54792 -6.02543 29.3711 
-8.51663 -7.43413 29.7815 
-9.80614 -9.41953 30.3322 
-10.9045 -12.5478 29.0263 
-6.30938 -8.42169 21.741 
-8.06673 -10.4807 23.7722 
-9.09849 -10.9531 26.2275 
-9.58735 -10.5204 28.2805 
-9.7227 -9.72922 29.7244 
-9.70636 -8.97531 30.6523 
-9.70725 -8.49233 31.2469 
-9.86064 -8.42503 31.6815 
-10.2778 -8.9243 32.0578 
-11.011 -10.2872 32.1907 
-11.7921 -13.0262 30.8005 
-10.6188 -15.5445 23.2837 
-1.68294 -3.07478 10.3428 
-3.5407 -5.58417 16.1492 
-4.851 -7.80835 16.1288 
-6.50814 -10.3039 17.5823 
-8.12271 -12.3617 19.9367 
-9.3876 -13.6089 22.3938 
-10.2187 -14.246 24.2195 
-10.639 -14.701 24.8705 
-10.5059 -15.1287 23.6388 
-9.03064 -14.3786 19.2154 
-4.18555 -7.50639 11.8053 
4.67345 8.34504 12.1868 
10.9151 15.6605 24.155 
11.7013 12.9912 30.607 
3.38319 5.52451 15.2042 
4.0779 6.76738 14.8537 
4.05011 6.84698 14.1626 
3.66202 6.30843 13.3082 
3.32935 5.81917 12.6258 
3.56395 6.2683 12.4372 
4.82591 8.41026 13.2723 
7.15724 11.9587 16.1431 
9.72214 14.7445 21.3886 
11.2343 14.7331 26.7751 
11.3695 12.9552 29.7558 
10.8107 11.4101 30.3108 
10.1715 10.7648 29.4999 
-10.1331 -10.8546 29.2769 
-10.7434 -11.2918 30.2897 
-11.3496 -12.6692 30.0837 
-11.3983 -14.5661 27.5412 
-10.0654 -15.0121 22.2086 
-7.41123 -12.3383 16.4416 
-4.7885 -8.37649 13.1023 
-3.30247 -5.84379 12.1059 
-3.03337 -5.33755 12.2686 
-3.51091 -6.08649 13.0098 
-4.16548 -7.0711 14.0477 
-4.53752 -7.5329 15.0144 
-4.30319 -7.01518 15.5615 
-11.4791 -11.8475 31.4725 
-11.7434 -15.2166 27.6223 
-7.46805 -12.6763 15.7379 
1.85454 3.40019 10.2148 
8.34304 13.7244 17.5285 
10.5432 15.3546 23.3578 
10.8966 14.9264 25.3588 
10.581 14.4685 25.074 
9.8491 13.9828 23.3859 
8.65659 12.9764 20.8128 
7.00681 11.0426 18.0522 
5.15939 8.37434 16.0129 
3.58871 5.81903 15.3433 
-4.19554 -7.54746 11.6825 
8.54468 14.0466 17.7033 
12.0691 14.3659 29.7942 
11.4695 10.8547 32.6311 
10.5958 9.00079 32.7007 
10.0551 8.27363 32.2993 
9.82236 8.22067 31.8337 
9.78698 8.64018 31.2547 
9.82442 9.39686 30.4076 
9.78182 10.3036 29.1033 
9.46122 11.0246 27.1796 
8.65936 11.0478 24.6951 
7.25548 9.83001 22.193 
11.3551 14.0227 28.2135 
10.5156 9.96125 31.3866 
9.03072 7.51729 30.868 
7.90153 6.0229 30.1696 
7.26612 4.95411 30.1163 
7.1874 4.34118 30.6972 
7.55359 4.31756 31.4687 
8.06051 4.82948 31.9154 
8.48217 5.68541 31.8223 
8.78859 6.75436 31.2434 
8.96644 7.93132 30.2085 
8.86887 8.97034 28.5865 
8.12482 9.2307 26.1778 
9.30099 10.5802 27.3964 
7.90756 8.12064 27.3022 
6.38456 5.89065 26.7596 
5.23458 3.68813 27.3479 
5.26818 1.87993 29.8836 
7.99839 2.04963 34.6313 
12.8035 8.70627 37.8272 
13.8729 14.7129 34.2181 
13.3778 13.6822 34.1153 
12.366 11.1533 34.4318 
11.315 10.1044 33.1228 
10.4488 10.3808 30.7116 
8.8618 10.296 26.6212 
6.13832 7.95135 22.1313 
5.06993 5.79759 23.0962 
3.69252 3.05134 24.5342 
3.55283 0.254013 28.775 
15.1143 14.9721 37.0854 
-9.5238 -2.46237 36.9462 
-7.68869 -2.45581 33.6923 
-9.41191 -4.93643 34.4834 
-12.1771 -10.7335 34.4389 
-9.82352 -15.4303 20.3446 
3.42489 6.12962 11.6611 
8.48265 12.8099 20.4766 
6.35714 8.52299 21.9975 
1.8101 1.99917 20.2913 
1.79003 1.34349 22.4152 
1.71283 -0.619817 26.5446 
15.7864 16.6556 37.0578 
-3.49946 0.700186 29.9128 
-3.86285 -2.19942 26.5137 
-5.60449 -4.65755 26.7347 
-7.50044 -6.76032 28.2564 
-9.36975 -9.40782 29.2574 
-9.86593 -12.7784 25.5867 
-4.53637 -7.52226 14.9844 
2.8887 4.67231 15.5217 
-3.72208 -5.08217 25.1131 
0.693554 -3.75775 29.6088 
0.279204 -2.52842 27.1227 
2.32642 -3.12321 31.0064 
-14.8774 -8.7634 42.1476 
-1.55085 1.36311 27.4707 
-2.06973 -1.19939 23.755 
-3.47599 -3.69498 22.3931 
-4.80431 -5.8823 21.9407 
-5.44502 -7.24786 21.0817 
-4.50527 -6.51849 18.7481 
-1.32869 -1.92764 16.759 
2.06371 3.11817 20.5901 
-2.34577 -3.47566 19.9493 
1.30784 2.43007 22.4865 
0.97548 -4.44229 30.8081 
-0.528036 -1.80134 23.4499 
0.0975332 -0.972851 23.0463 
0.344122 -1.26738 24.6674 
1.28627 -2.61552 28.896 
0 0 4.73673 
-1.28627 2.61552 28.896 
-0.344122 1.26738 24.6674 
-0.0975332 0.972851 23.0463 
0.528036 1.80134 23.4499 
-0.97548 4.44229 30.8081 
-1.30784 -2.43007 22.4865 
2.34577 3.47566 19.9493 
-2.06371 -3.11817 20.5901 
1.32869 1.92764 16.759 
4.50527 6.51849 18.7481 
5.44502 7.24786 21.0817 
4.80431 5.8823 21.9407 
3.47599 3.69498 22.3931 
2.06973 1.19939 23.755 
1.55085 -1.36311 27.4707 
14.8774 8.7634 42.1476 
-2.32642 3.12321 31.0064 
-0.279204 2.52842 27.1227 
-0.693554 3.75775 29.6088 
3.72208 5.08217 25.1131 
-2.8887 -4.67231 15.5217 
4.53637 7.52226 14.9844 
9.86593 12.7784 25.5867 
9.36975 9.40782 29.2574 
7.50044 6.76032 28.2564 
5.60449 4.65755 26.7347 
3.86285 2.19942 26.5137 
3.49946 -0.700186 29.9128 
-15.7864 -16.6556 37.0578 
-1.71283 0.619817 26.5446 
-1.79003 -1.34349 22.4152 
-1.8101 -1.99917 20.2913 
-6.35714 -8.52299 21.9975 
-8.48265 -12.8099 20.4766 
-3.42489 -6.12962 11.6611 
9.82352 15.4303 20.3446 
12.1771 10.7335 34.4389 
9.41191 4.93643 34.4834 
7.68869 2.45581 33.6923 
9.5238 2.46237 36.9462 
-15.1143 -14.9721 37.0854 
-3.55283 -0.254013 28.775 
-3.69252 -3.05134 24.5342 
-5.06993 -5.79759 23.0962 
-6.13832 -7.95135 22.1313 
-8.8618 -10.296 26.6212 
-10.4488 -10.3808 30.7116 
-11.315 -10.1044 33.1228 
-12.366 -11.1533 34.4318 
-13.3778 -13.6822 34.1153 
-13.8729 -14.7129 34.2181 
-12.8035 -8.70627 37.8272 
-7.99839 -2.04963 34.6313 
-5.26818 -1.87993 29.8836 
-5.23458 -3.68813 27.3479 
-6.38456 -5.89065 26.7596 
-7.90756 -8.12064 27.3022 
-9.30099 -10.5802 27.3964 
-8.12482 -9.2307 26.1778 
-8.86887 -8.97034 28.5865 
-8.96644 -7.93132 30.2085 
-8.78859 -6.75436 31.2434 
-8.48217 -5.68541 31.8223 
-8.06051 -4.82948 31.9154 
-7.55359 -4.31756 31.4687 
-7.1874 -4.34118 30.6972 
-7.26612 -4.95411 30.1163 
-7.90153 -6.0229 30.1696 
-9.03072 -7.51729 30.868 
-10.5156 -9.96125 31.3866 
-11.3551 -14.0227 28.2135 
-7.25548 -9.83001 22.193 
-8.65936 -11.0478 24.6951 
-9.46122 -11.0246 27.1796 
-9.78182 -10.3036 29.1033 
-9.82442 -9.39686 30.4076 
-9.78698 -8.64018 31.2547 
-9.82236 -8.22067 31.8337 
-10.0551 -8.27363 32.2993 
-10.5958 -9.00079 32.7007 
-11.4695 -10.8547 32.6311 
-12.0691 -14.3659 29.7942 
-8.54468 -14.0466 17.7033 
4.19554 7.54746 11.6825 
-3.58871 -5.81903 15.3433 
-5.15939 -8.37434 16.0129 
-7.00681 -11.0426 18.0522 
-8.65659 -12.9764 20.8128 
-9.8491 -13.9828 23.3859 
-10.581 -14.4685 25.074 
-10.8966 -14.9264 25.3588 
-10.5432 -15.3546 23.3578 
-8.34304 -13.7244 17.5285 
-1.85454 -3.40019 10.2148 
7.46805 12.6763 15.7379 
11.7434 15.2166 27.6223 
11.4791 11.8475 31.4725 
4.30319 7.01518 15.5615 
4.53752 7.5329 15.0144 
4.16548 7.0711 14.0477 
3.51091 6.08649 13.0098 
3.03337 5.33755 12.2686 
3.30247 5.84379 12.1059 
4.7885 8.37649 13.1023 
7.41123 12.3383 16.4416 
10.0654 15.0121 22.2086 
11.3983 14.5661 27.5412 
11.3496 12.6692 30.0837 
10.7434 11.2918 30.2897 
10.1331 10.8546 29.2769 
-10.0521 -11.2453 28.5142 
-10.589 -11.3547 29.804 
-11.1667 -12.2709 30.1197 
-11.4629 -13.9491 28.6397 
-10.7687 -15.1382 24.5611 
-8.75618 -13.9276 19.034 
-6.32076 -10.7655 14.9136 
-4.68444 -8.16429 13.2105 
-4.21972 -7.3423 13.0977 
-4.58234 -7.85241 13.8439 
-5.21592 -8.72877 15.0168 
-5.65806 -9.2264 16.1578 
-5.6277 -8.98778 16.842 
-10.917 -10.6074 31.5847 
-11.8885 -13.1607 30.8882 
-10.9863 -15.8734 24.0299 
-4.57764 -8.21457 11.932 
4.11942 7.41716 11.6085 
8.79704 14.2024 18.5477 
10.2012 15.1189 22.5199 
10.2223 14.7654 23.277 
9.55526 14.1109 22.0261 
8.29695 12.8356 19.5727 
6.48158 10.5077 16.7902 
4.39957 7.34011 14.7261 
2.60842 4.36119 14.0175 
-11.1468 -15.9385 24.4874 
-1.1102 -2.05273 9.75064 
10.2859 15.8228 21.4499 
12.2946 13.8249 31.1271 
11.5998 10.7413 33.0732 
10.8775 9.30808 32.9998 
10.4605 8.9119 32.4926 
10.2842 9.15721 31.8004 
10.2297 9.83627 30.8461 
10.1421 10.7454 29.4452 
9.81172 11.5429 27.3982 
9.01819 11.6974 24.7085 
7.66894 10.6961 21.8837 
9.33296 14.7804 19.6468 
11.8628 12.5519 31.5827 
10.3145 8.42816 32.7075 
8.92683 6.4443 31.9016 
8.10687 5.35596 31.4124 
7.83201 4.7758 31.5105 
7.97907 4.70534 31.8888 
8.29969 5.10367 32.0966 
8.6003 5.83962 31.8954 
8.84518 6.81936 31.2909 
9.0178 7.95517 30.2984 
8.99271 9.03555 28.8112 
8.52129 9.60475 26.7058 
10.8385 12.1335 29.4162 
9.34185 8.67112 30.1578 
7.6798 6.51476 29.0258 
6.34871 4.66533 28.4809 
5.74758 2.95233 29.4752 
6.70405 2.05944 32.3266 
9.69035 3.82819 36.0548 
12.2046 8.02723 37.1889 
12.3757 9.28649 36.3615 
11.4938 8.40491 35.3203 
10.6148 8.05163 33.784 
10.0582 8.60782 31.9252 
9.5157 9.51608 29.4943 
8.98605 10.9131 25.9478 
7.70377 8.39948 26.3067 
5.95807 5.85353 25.6869 
4.42849 3.07385 26.4131 
4.7826 0.515243 30.6382 
14.7635 17.6822 33.1566 
-12.5002 -7.21118 38.5282 
-10.6231 -5.22183 36.5656 
-12.5604 -10.0999 35.9676 
-11.277 -16.954 23.1382 
3.86797 7.04794 10.9963 
10.7685 15.2876 24.2988 
10.2322 13.0401 26.3338 
6.50449 9.02012 21.0665 
6.11126 7.6163 22.7749 
4.60115 4.97926 23.3041 
3.07081 1.8194 25.2519 
5.55429 -0.961544 33.4444 
-7.64379 -0.103267 35.7755 
-4.49115 -1.56741 28.7863 
-5.94503 -3.88908 28.6517 
-7.94569 -5.90833 30.4085 
-10.3016 -9.20059 31.7885 
-10.8558 -14.3773 26.1298 
-2.51177 -4.41632 12.1245 
5.41071 8.74859 16.3472 
3.48016 5.15896 17.6214 
4.85405 6.61788 20.1972 
4.26399 5.17673 21.6092 
2.85281 2.49752 23.1667 
2.33015 -0.735746 27.934 
-12.2994 -4.08953 40.6792 
-2.80492 -0.766842 26.5055 
-4.42576 -4.03728 24.6925 
-6.42015 -6.78642 25.3689 
-8.11741 -9.21003 26.1692 
-8.66598 -11.3771 24.1088 
-5.37657 -8.52921 16.841 
1.27202 2.10047 14.85 
0.956024 1.4212 16.0332 
4.70318 6.94865 18.3874 
5.7588 7.71321 21.2053 
4.89585 5.93558 22.1591 
3.26815 3.1469 23.0071 
2.05745 -0.115464 26.3917 
0 0 5.41341 
-2.05745 0.115464 26.3917 
-3.26815 -3.1469 23.0071 
-4.89585 -5.93558 22.1591 
-5.7588 -7.71321 21.2053 
-4.70318 -6.94865 18.3874 
-0.956024 -1.4212 16.0332 
-1.27202 -2.10047 14.85 
5.37657 8.52921 16.841 
8.66598 11.3771 24.1088 
8.11741 9.21003 26.1692 
6.42015 6.78642 25.3689 
4.42576 4.03728 24.6925 
2.80492 0.766842 26.5055 
12.2994 4.08953 40.6792 
-2.33015 0.735746 27.934 
-2.85281 -2.49752 23.1667 
-4.26399 -5.17673 21.6092 
-4.85405 -6.61788 20.1972 
-3.48016 -5.15896 17.6214 
-5.41071 -8.74859 16.3472 
2.51177 4.41632 12.1245 
10.8558 14.3773 26.1298 
10.3016 9.20059 31.7885 
7.94569 5.90833 30.4085 
5.94503 3.88908 28.6517 
4.49115 1.56741 28.7863 
7.64379 0.103267 35.7755 
-5.55429 0.961544 33.4444 
-3.07081 -1.8194 25.2519 
-4.60115 -4.97926 23.3041 
-6.11126 -7.6163 22.7749 
-6.50449 -9.02012 21.0665 
-10.2322 -13.0401 26.3338 
-10.7685 -15.2876 24.2988 
-3.86797 -7.04794 10.9963 
11.277 16.954 23.1382 
12.5604 10.0999 35.9676 
10.6231 5.22183 36.5656 
12.5002 7.21118 38.5282 
-14.7635 -17.6822 33.1566 
-4.7826 -0.515243 30.6382 
-4.42849 -3.07385 26.4131 
-5.95807 -5.85353 25.6869 
-7.70377 -8.39948 26.3067 
-8.98605 -10.9131 25.9478 
-9.5157 -9.51608 29.4943 
-10.0582 -8.60782 31.9252 
-10.6148 -8.05163 33.784 
-11.4938 -8.40491 35.3203 
-12.3757 -9.28649 36.3615 
-12.2046 -8.02723 37.1889 
-9.69035 -3.82819 36.0548 
-6.70405 -2.05944 32.3266 
-5.74758 -2.95233 29.4752 
-6.34871 -4.66533 28.4809 
-7.6798 -6.51476 29.0258 
-9.34185 -8.67112 30.1578 
-10.8385 -12.1335 29.4162 
-8.52129 -9.60475 26.7058 
-8.99271 -9.03555 28.8112 
-9.0178 -7.95517 30.2984 
-8.84518 -6.81936 31.2909 
-8.6003 -5.83962 31.8954 
-8.29969 -5.10367 32.0966 
-7.97907 -4.70534 31.8888 
-7.83201 -4.7758 31.5105 
-8.10687 -5.35596 31.4124 
-8.92683 -6.4443 31.9016 
-10.3145 -8.42816 32.7075 
-11.8628 -12.5519 31.5827 
-9.33296 -14.7804 19.6468 
-7.66894 -10.6961 21.8837 
-9.01819 -11.6974 24.7085 
-9.81172 -11.5429 27.3982 
-10.1421 -10.7454 29.4452 
-10.2297 -9.83627 30.8461 
-10.2842 -9.15721 31.8004 
-10.4605 -8.9119 32.4926 
-10.8775 -9.30808 32.9998 
-11.5998 -10.7413 33.0732 
-12.2946 -13.8249 31.1271 
-10.2859 -15.8228 21.4499 
1.1102 2.05273 9.75064 
11.1468 15.9385 24.4874 
-2.60842 -4.36119 14.0175 
-4.39957 -7.34011 14.7261 
-6.48158 -10.5077 16.7902 
-8.29695 -12.8356 19.5727 
-9.55526 -14.1109 22.0261 
-10.2223 -14.7654 23.277 
-10.2012 -15.1189 22.5199 
-8.79704 -14.2024 18.5477 
-4.11942 -7.41716 11.6085 
4.57764 8.21457 11.932 
10.9863 15.8734 24.0299 
11.8885 13.1607 30.8882 
10.917 10.6074 31.5847 
5.6277 8.98778 16.842 
5.65806 9.2264 16.1578 
5.21592 8.72877 15.0168 
4.58234 7.85241 13.8439 
4.21972 7.3423 13.0977 
4.68444 8.16429 13.2105 
6.32076 10.7655 14.9136 
8.75618 13.9276 19.034 
10.7687 15.1382 24.5611 
11.4629 13.9491 28.6397 
11.1667 12.2709 30.1197 
10.589 11.3547 29.804 
10.0521 11.2453 28.5142 
-9.89591 -11.9808 26.9747 
-10.4218 -11.857 28.6631 
-10.9082 -12.2463 29.4567 
-11.2798 -13.3438 28.9708 
-11.1283 -14.6391 26.587 
-10.0523 -14.84 22.4981 
-8.35271 -13.3818 18.4772 
-6.92687 -11.5286 16.1441 
-6.32336 -10.5879 15.5647 
-6.42552 -10.6107 16.1313 
-6.80113 -10.9531 17.232 
-7.06212 -11.0628 18.3069 
-6.99872 -10.7227 18.9475 
-10.4101 -10.3059 30.7053 
-11.271 -11.3514 31.5559 
-11.9521 -14.0771 29.8577 
-10.3366 -15.6345 22.0341 
-4.13498 -7.44687 11.6097 
3.03647 5.50928 10.9371 
6.93899 11.7919 15.3558 
8.09606 13.1621 17.7717 
7.74298 12.5638 17.5871 
6.40243 10.6492 15.8427 
4.3513 7.43765 13.8225 
2.0568 3.55499 12.7 
0.171423 0.287491 12.8204 
-11.8136 -12.0869 32.0273 
-11.5029 -16.1236 25.4066 
-2.46559 -4.54562 10.082 
9.1398 14.9082 18.4523 
12.2683 15.2434 29.1614 
12.0982 12.5501 32.1889 
11.5505 11.1689 32.462 
11.1578 10.8778 31.8462 
10.9037 11.2741 30.721 
10.6243 12.009 29.0048 
10.0712 12.6081 26.5124 
8.99973 12.4139 23.3142 
7.37581 10.9394 20.099 
-6.56325 -11.4468 14.0953 
8.83085 14.5508 17.8365 
12.4401 13.3229 32.1352 
11.0641 8.77299 34.0025 
9.84625 6.76082 33.505 
9.21758 5.95153 33.0559 
9.01051 5.78094 32.8125 
9.01996 6.05446 32.535 
9.11653 6.67742 32.0458 
9.25566 7.59696 31.2848 
9.37381 8.72108 30.1739 
9.30935 9.8126 28.546 
8.82186 10.4077 26.2901 
10.6605 15.6519 23.2386 
11.4751 10.8676 32.6291 
9.46194 7.05839 32.3617 
7.93822 5.21695 31.2208 
7.11864 3.94323 31.026 
7.2192 3.15948 32.1017 
8.32297 3.38824 33.9333 
9.6072 4.60522 35.1809 
10.0416 5.58343 35.0918 
9.79274 6.05859 34.1225 
9.47129 6.68649 32.7952 
9.29506 7.65654 31.3049 
9.10023 8.71956 29.5116 
11.1949 13.1702 28.9698 
9.74048 8.84825 30.89 
7.82653 6.41751 29.4959 
6.24417 4.45431 28.5373 
5.43702 2.41726 29.5367 
7.39815 1.5488 34.0598 
14.4886 16.2312 34.107 
-6.45371 -11.8988 11.5554 
-7.35971 -13.2062 13.3316 
5.33354 9.78811 11.2288 
12.6715 16.3082 28.8659 
12.0529 11.8637 32.8872 
10.8253 10.4823 31.5142 
10.2609 12.7472 26.8677 
9.19757 9.36264 28.8788 
7.31628 6.87209 27.6372 
5.45968 4.41984 26.7534 
4.34797 1.61029 28.4441 
9.98837 2.48166 37.7512 
-11.5123 -4.81362 38.622 
-7.0481 -2.01517 32.9878 
-8.22133 -3.91081 33.215 
-10.9215 -7.73055 34.7734 
-12.2535 -15.8445 28.2584 
0.0936494 0.173305 9.88346 
9.5947 14.5013 21.3839 
9.19133 12.855 23.148 
9.38862 10.4904 27.7758 
7.68654 7.78046 27.2321 
5.69552 5.23827 26.022 
3.96439 2.18625 26.7691 
6.56092 -0.254111 34.3572 
-7.81864 -0.446579 35.7647 
-4.62994 -1.88473 28.6318 
-6.13939 -4.29503 28.5229 
-8.16487 -6.35687 30.3394 
-10.4862 -9.73928 31.584 
-10.6136 -14.6161 24.9292 
-1.25883 -2.23657 11.4587 
7.17119 11.3962 17.89 
10.17 12.1372 27.5343 
8.82054 8.77106 28.7329 
6.83717 6.34955 27.2063 
4.84511 3.74773 26.3211 
3.8047 0.548289 28.8442 
0 0 6.09009 
-3.8047 -0.548289 28.8442 
-4.84511 -3.74773 26.3211 
-6.83717 -6.34955 27.2063 
-8.82054 -8.77106 28.7329 
-10.17 -12.1372 27.5343 
-7.17119 -11.3962 17.89 
1.25883 2.23657 11.4587 
10.6136 14.6161 24.9292 
10.4862 9.73928 31.584 
8.16487 6.35687 30.3394 
6.13939 4.29503 28.5229 
4.62994 1.88473 28.6318 
7.81864 0.446579 35.7647 
-6.56092 0.254111 34.3572 
-3.96439 -2.18625 26.7691 
-5.69552 -5.23827 26.022 
-7.68654 -7.78046 27.2321 
-9.38862 -10.4904 27.7758 
-9.19133 -12.855 23.148 
-9.5947 -14.5013 21.3839 
-0.0936494 -0.173305 9.88346 
12.2535 15.8445 28.2584 
10.9215 7.73055 34.7734 
8.22133 3.91081 33.215 
7.0481 2.01517 32.9878 
11.5123 4.81362 38.622 
-9.98837 -2.48166 37.7512 
-4.34797 -1.61029 28.4441 
-5.45968 -4.41984 26.7534 
-7.31628 -6.87209 27.6372 
-9.19757 -9.36264 28.8788 
-10.2609 -12.7472 26.8677 
-10.8253 -10.4823 31.5142 
-12.0529 -11.8637 32.8872 
-12.6715 -16.3082 28.8659 
-5.33354 -9.78811 11.2288 
7.35971 13.2062 13.3316 
6.45371 11.8988 11.5554 
-14.4886 -16.2312 34.107 
-7.39815 -1.5488 34.0598 
-5.43702 -2.41726 29.5367 
-6.24417 -4.45431 28.5373 
-7.82653 -6.41751 29.4959 
-9.74048 -8.84825 30.89 
-11.1949 -13.1702 28.9698 
-9.10023 -8.71956 29.5116 
-9.29506 -7.65654 31.3049 
-9.47129 -6.68649 32.7952 
-9.79274 -6.05859 34.1225 
-10.0416 -5.58343 35.0918 
-9.6072 -4.60522 35.1809 
-8.32297 -3.38824 33.9333 
-7.2192 -3.15948 32.1017 
-7.11864 -3.94323 31.026 
-7.93822 -5.21695 31.2208 
-9.46194 -7.05839 32.3617 
-11.4751 -10.8676 32.6291 
-10.6605 -15.6519 23.2386 
-8.82186 -10.4077 26.2901 
-9.30935 -9.8126 28.546 
-9.37381 -8.72108 30.1739 
-9.25566 -7.59696 31.2848 
-9.11653 -6.67742 32.0458 
-9.01996 -6.05446 32.535 
-9.01051 -5.78094 32.8125 
-9.21758 -5.95153 33.0559 
-9.84625 -6.76082 33.505 
-11.0641 -8.77299 34.0025 
-12.4401 -13.3229 32.1352 
-8.83085 -14.5508 17.8365 
6.56325 11.4468 14.0953 
-7.37581 -10.9394 20.099 
-8.99973 -12.4139 23.3142 
-10.0712 -12.6081 26.5124 
-10.6243 -12.009 29.0048 
-10.9037 -11.2741 30.721 
-11.1578 -10.8778 31.8462 
-11.5505 -11.1689 32.462 
-12.0982 -12.5501 32.1889 
-12.2683 -15.2434 29.1614 
-9.1398 -14.9082 18.4523 
2.46559 4.54562 10.082 
11.5029 16.1236 25.4066 
11.8136 12.0869 32.0273 
-0.171423 -0.287491 12.8204 
-2.0568 -3.55499 12.7 
-4.3513 -7.43765 13.8225 
-6.40243 -10.6492 15.8427 
-7.74298 -12.5638 17.5871 
-8.09606 -13.1621 17.7717 
-6.93899 -11.7919 15.3558 
-3.03647 -5.50928 10.9371 
4.13498 7.44687 11.6097 
10.3366 15.6345 22.0341 
11.9521 14.0771 29.8577 
11.271 11.3514 31.5559 
10.4101 10.3059 30.7053 
6.99872 10.7227 18.9475 
7.06212 11.0628 18.3069 
6.80113 10.9531 17.232 
6.42552 10.6107 16.1313 
6.32336 10.5879 15.5647 
6.92687 11.5286 16.1441 
8.35271 13.3818 18.4772 
10.0523 14.84 22.4981 
11.1283 14.6391 26.587 
11.2798 13.3438 28.9708 
10.9082 12.2463 29.4567 
10.4218 11.857 28.6631 
9.89591 11.9808 26.9747 
-9.31582 -12.6244 24.0336 
-10.0969 -12.7063 26.4373 
-10.5909 -12.7878 27.7924 
-10.9257 -13.277 28.0474 
-10.9816 -14.0911 26.9861 
-10.5364 -14.6353 24.6365 
-9.63397 -14.3587 21.8343 
-8.71581 -13.5393 19.7815 
-8.19185 -12.8731 19.0022 
-8.08403 -12.575 19.2487 
-8.14364 -12.3916 19.9739 
-8.1219 -12.0624 20.6626 
-7.89714 -11.5063 21.0114 
-10.2066 -11.1401 29.0796 
-10.7765 -11.1932 30.5014 
-11.4712 -12.3698 30.7955 
-11.7325 -14.6805 28.3796 
-9.95154 -15.2554 21.2576 
-5.25924 -9.27936 12.947 
-0.245828 -0.449507 10.2578 
2.53539 4.56245 11.1774 
3.04427 5.41345 11.8094 
1.99534 3.54314 11.6283 
0.0814974 0.141863 11.6109 
-1.95837 -3.41095 12.4692 
-3.47591 -5.88525 13.9172 
-10.6407 -9.94741 31.7087 
-11.7763 -11.8979 32.1597 
-11.9327 -15.7841 27.3543 
-5.98154 -10.5859 13.1654 
5.08043 9.1144 12.1464 
10.7038 15.9926 22.7608 
11.8474 15.1787 27.9954 
11.7117 14.1071 29.1323 
11.2915 13.8094 28.3377 
10.6457 13.8772 26.2689 
9.53886 13.5385 23.1003 
7.76796 11.9462 19.3514 
5.49975 8.92351 16.2023 
-12.0579 -12.433 32.2291 
-10.8501 -16.3097 22.7197 
2.17429 4.03517 9.70728 
11.9551 16.6018 26.1479 
12.52 12.4552 33.3589 
11.5499 9.5325 34.2826 
10.8037 8.33072 33.8986 
10.373 8.0835 33.2192 
10.177 8.45217 32.3716 
10.1286 9.2766 31.2907 
10.0809 10.3694 29.7897 
9.79264 11.3637 27.6139 
8.99377 11.6495 24.7138 
-9.23563 -14.9899 18.7117 
7.2326 12.5514 14.6949 
12.7088 13.6132 32.4833 
11.0859 8.15559 34.693 
9.71868 5.89774 34.1344 
9.17188 5.04392 33.9061 
9.19127 4.93047 34.0585 
9.35181 5.23213 34.0722 
9.35381 5.6834 33.6162 
9.25604 6.3096 32.751 
9.22036 7.22702 31.642 
9.23593 8.37231 30.2876 
9.10323 9.45898 28.5048 
4.34719 7.85252 11.5473 
12.4632 14.0292 31.3221 
10.5144 7.68705 33.9491 
8.56472 5.03315 32.7091 
7.61924 3.6419 32.3442 
8.02373 3.04827 33.7162 
10.2927 4.6965 36.4053 
12.8192 9.42048 37.1979 
13.2109 11.4042 36.138 
12.2514 9.47768 35.9013 
10.8876 7.72279 34.7106 
9.95595 7.4908 32.9568 
9.48247 8.17963 31.1067 
9.11388 14.631 18.9981 
11.7736 11.2964 32.8562 
9.31411 6.51208 32.6506 
7.40869 4.3922 31.089 
6.44719 2.74092 31.102 
7.88201 2.05352 34.4233 
14.464 16.5372 33.686 
-12.6314 -18.8687 24.7758 
-13.8681 -16.3197 32.3109 
-9.69985 -16.1895 18.0467 
7.20141 12.7116 13.96 
12.6965 14.7306 31.0672 
11.4685 10.8103 32.6834 
8.06247 13.3598 17.0556 
11.8275 11.8442 32.3488 
9.34088 6.68099 32.5214 
7.24561 4.42349 30.7182 
6.01305 2.56328 30.4787 
7.57303 1.47318 34.4319 
-0.56718 -1.1085 6.9071 
-9.44449 -3.07417 36.276 
-8.36672 -3.34954 34.0521 
-10.3183 -6.16963 35.075 
-12.8901 -13.7326 32.8111 
-3.90007 -7.1262 10.8729 
10.2609 15.5915 21.8208 
1.26872 2.32426 10.1621 
12.178 15.0404 29.1797 
10.4665 7.77516 33.7531 
7.93982 4.59133 31.936 
6.42764 2.71401 31.0955 
7.34984 1.42536 34.0941 
0 0 6.76676 
-7.34984 -1.42536 34.0941 
-6.42764 -2.71401 31.0955 
-7.93982 -4.59133 31.936 
-10.4665 -7.77516 33.7531 
-12.178 -15.0404 29.1797 
-1.26872 -2.32426 10.1621 
-10.2609 -15.5915 21.8208 
3.90007 7.1262 10.8729 
12.8901 13.7326 32.8111 
10.3183 6.16963 35.075 
8.36672 3.34954 34.0521 
9.44449 3.07417 36.276 
0.56718 1.1085 6.9071 
-7.57303 -1.47318 34.4319 
-6.01305 -2.56328 30.4787 
-7.24561 -4.42349 30.7182 
-9.34088 -6.68099 32.5214 
-11.8275 -11.8442 32.3488 
-8.06247 -13.3598 17.0556 
-11.4685 -10.8103 32.6834 
-12.6965 -14.7306 31.0672 
-7.20141 -12.7116 13.96 
9.69985 16.1895 18.0467 
13.8681 16.3197 32.3109 
12.6314 18.8687 24.7758 
-14.464 -16.5372 33.686 
-7.88201 -2.05352 34.4233 
-6.44719 -2.74092 31.102 
-7.40869 -4.3922 31.089 
-9.31411 -6.51208 32.6506 
-11.7736 -11.2964 32.8562 
-9.11388 -14.631 18.9981 
-9.48247 -8.17963 31.1067 
-9.95595 -7.4908 32.9568 
-10.8876 -7.72279 34.7106 
-12.2514 -9.47768 35.9013 
-13.2109 -11.4042 36.138 
-12.8192 -9.42048 37.1979 
-10.2927 -4.6965 36.4053 
-8.02373 -3.04827 33.7162 
-7.61924 -3.6419 32.3442 
-8.56472 -5.03315 32.7091 
-10.5144 -7.68705 33.9491 
-12.4632 -14.0292 31.3221 
-4.34719 -7.85252 11.5473 
-9.10323 -9.45898 28.5048 
-9.23593 -8.37231 30.2876 
-9.22036 -7.22702 31.642 
-9.25604 -6.3096 32.751 
-9.35381 -5.6834 33.6162 
-9.35181 -5.23213 34.0722 
-9.19127 -4.93047 34.0585 
-9.17188 -5.04392 33.9061 
-9.71868 -5.89774 34.1344 
-11.0859 -8.15559 34.693 
-12.7088 -13.6132 32.4833 
-7.2326 -12.5514 14.6949 
9.23563 14.9899 18.7117 
-8.99377 -11.6495 24.7138 
-9.79264 -11.3637 27.6139 
-10.0809 -10.3694 29.7897 
-10.1286 -9.2766 31.2907 
-10.177 -8.45217 32.3716 
-10.373 -8.0835 33.2192 
-10.8037 -8.33072 33.8986 
-11.5499 -9.5325 34.2826 
-12.52 -12.4552 33.3589 
-11.9551 -16.6018 26.1479 
-2.17429 -4.03517 9.70728 
10.8501 16.3097 22.7197 
12.0579 12.433 32.2291 
-5.49975 -8.92351 16.2023 
-7.76796 -11.9462 19.3514 
-9.53886 -13.5385 23.1003 
-10.6457 -13.8772 26.2689 
-11.2915 -13.8094 28.3377 
-11.7117 -14.1071 29.1323 
-11.8474 -15.1787 27.9954 
-10.7038 -15.9926 22.7608 
-5.08043 -9.1144 12.1464 
5.98154 10.5859 13.1654 
11.9327 15.7841 27.3543 
11.7763 11.8979 32.1597 
10.6407 9.94741 31.7087 
3.47591 5.88525 13.9172 
1.95837 3.41095 12.4692 
-0.0814974 -0.141863 11.6109 
-1.99534 -3.54314 11.6283 
-3.04427 -5.41345 11.8094 
-2.53539 -4.56245 11.1774 
0.245828 0.449507 10.2578 
5.25924 9.27936 12.947 
9.95154 15.2554 21.2576 
11.7325 14.6805 28.3796 
11.4712 12.3698 30.7955 
10.7765 11.1932 30.5014 
10.2066 11.1401 29.0796 
7.89714 11.5063 21.0114 
8.1219 12.0624 20.6626 
8.14364 12.3916 19.9739 
8.08403 12.575 19.2487 
8.19185 12.8731 19.0022 
8.71581 13.5393 19.7815 
9.63397 14.3587 21.8343 
10.5364 14.6353 24.6365 
10.9816 14.0911 26.9861 
10.9257 13.277 28.0474 
10.5909 12.7878 27.7924 
10.0969 12.7063 26.4373 
9.31582 12.6244 24.0336 
-7.39715 -11.426 18.9499 
-8.97256 -12.8926 22.2626 
-9.84331 -13.3591 24.5134 
-10.2922 -13.6055 25.5825 
-10.4391 -13.9198 25.5359 
-10.2818 -14.1796 24.561 
-9.86922 -14.1489 23.1491 
-9.39575 -13.8322 21.9779 
-9.05576 -13.4366 21.4561 
-8.86944 -13.0578 21.519 
-8.71513 -12.6287 21.824 
-8.47006 -12.0777 22.0385 
-8.08523 -11.3961 22.0068 
-9.88815 -12.5227 26.0867 
-10.5085 -12.3324 28.2239 
-11.0069 -12.56 29.2965 
-11.3921 -13.603 28.9258 
-11.1682 -14.9847 26.1619 
-9.57889 -14.7424 20.8004 
-6.82632 -11.5602 15.4263 
-4.41653 -7.77675 12.6805 
-3.43498 -6.07699 12.1512 
-3.81518 -6.66486 12.7942 
-4.90833 -8.3516 14.2532 
-6.01212 -9.86076 16.1416 
-6.68888 -10.5591 17.8218 
-10.2827 -10.7665 29.7856 
-10.9089 -10.8766 31.2345 
-11.7489 -12.4791 31.3809 
-11.8225 -15.4539 27.5092 
-8.08227 -13.5361 16.6721 
0.041174 0.0756562 9.78144 
6.36691 11.0457 14.2 
8.80714 14.1073 18.8304 
9.065 14.1289 19.9539 
8.13169 12.957 18.4906 
6.23398 10.3701 15.7422 
3.59817 6.19128 13.2936 
0.860578 1.48838 12.4436 
-10.5124 -9.59511 31.822 
-11.687 -11.2351 32.7191 
-12.2997 -15.5047 28.8881 
-6.54767 -11.5291 13.6845 
6.00977 10.6933 12.9448 
11.7773 16.4076 25.8662 
12.3863 14.0159 31.1319 
11.9154 12.2785 32.0517 
11.4524 11.8287 31.4248 
11.0854 12.2192 29.9681 
10.5944 12.896 27.6384 
9.63373 13.0775 24.2991 
7.95744 11.875 20.376 
-11.3551 -10.2306 33.0741 
-12.5597 -14.8838 30.4873 
-6.34277 -11.2737 13.1679 
8.76618 14.75 16.9907 
12.9761 15.0657 31.4093 
12.3574 10.8747 34.708 
11.4215 8.72622 34.8377 
10.7277 7.85108 34.2368 
10.2719 7.75265 33.3567 
10.0448 8.25788 32.295 
9.98303 9.22798 31.0031 
9.89696 10.4094 29.2605 
9.48913 11.3209 26.8014 
-12.3442 -12.9081 32.3892 
-9.49364 -15.4831 18.7481 
7.53601 13.1356 14.7037 
13.1516 14.3995 32.7014 
12.0683 9.23022 35.7442 
11.2359 7.26873 35.8874 
11.0587 6.87052 35.9036 
10.9707 6.88202 35.7126 
10.5646 6.69866 35.0586 
9.98163 6.60769 33.9483 
9.56101 7.03452 32.6041 
9.39335 7.96869 31.154 
9.29138 9.11688 29.4554 
-12.4548 -15.1615 29.8185 
-3.42273 -6.32536 10.2045 
12.2513 17.0862 26.3639 
12.4277 10.1478 35.6217 
11.0116 6.622 36.0432 
11.173 6.36961 36.6032 
12.8017 9.45276 37.1294 
13.8399 14.1578 34.7522 
13.6917 14.7306 33.728 
12.9064 11.4185 35.4162 
11.3269 8.35182 35.014 
10.1063 7.46748 33.3069 
9.50564 7.93641 31.4503 
-12.4713 -14.9974 30.087 
-4.00581 -7.36862 10.6033 
12.3155 17.1825 26.4256 
12.4317 9.82521 35.9545 
11.1404 6.44745 36.4661 
12.297 7.92532 37.475 
13.5744 18.2365 28.9154 
-2.9794 -5.68746 8.493 
-8.29806 -14.5967 14.8245 
0.631221 1.2016 8.29188 
12.1644 17.3788 25.5988 
12.4133 11.5939 34.0649 
10.7438 8.81924 33.2407 
-12.205 -12.1474 32.9342 
-11.0594 -16.792 22.6106 
5.877 10.6483 12.0725 
13.5385 15.0491 32.9519 
13.0423 10.3959 36.7545 
14.1092 14.3892 35.179 
0 0 7.44344 
-14.1092 -14.3892 35.179 
-13.0423 -10.3959 36.7545 
-13.5385 -15.0491 32.9519 
-5.877 -10.6483 12.0725 
11.0594 16.792 22.6106 
12.205 12.1474 32.9342 
-10.7438 -8.81924 33.2407 
-12.4133 -11.5939 34.0649 
-12.1644 -17.3788 25.5988 
-0.631221 -1.2016 8.29188 
8.29806 14.5967 14.8245 
2.9794 5.68746 8.493 
-13.5744 -18.2365 28.9154 
-12.297 -7.92532 37.475 
-11.1404 -6.44745 36.4661 
-12.4317 -9.82521 35.9545 
-12.3155 -17.1825 26.4256 
4.00581 7.36862 10.6033 
12.4713 14.9974 30.087 
-9.50564 -7.93641 31.4503 
-10.1063 -7.46748 33.3069 
-11.3269 -8.35182 35.014 
-12.9064 -11.4185 35.4162 
-13.6917 -14.7306 33.728 
-13.8399 -14.1578 34.7522 
-12.8017 -9.45276 37.1294 
-11.173 -6.36961 36.6032 
-11.0116 -6.622 36.0432 
-12.4277 -10.1478 35.6217 
-12.2513 -17.0862 26.3639 
3.42273 6.32536 10.2045 
12.4548 15.1615 29.8185 
-9.29138 -9.11688 29.4554 
-9.39335 -7.96869 31.154 
-9.56101 -7.03452 32.6041 
-9.98163 -6.60769 33.9483 
-10.5646 -6.69866 35.0586 
-10.9707 -6.88202 35.7126 
-11.0587 -6.87052 35.9036 
-11.2359 -7.26873 35.8874 
-12.0683 -9.23022 35.7442 
-13.1516 -14.3995 32.7014 
-7.53601 -13.1356 14.7037 
9.49364 15.4831 18.7481 
12.3442 12.9081 32.3892 
-9.48913 -11.3209 26.8014 
-9.89696 -10.4094 29.2605 
-9.98303 -9.22798 31.0031 
-10.0448 -8.25788 32.295 
-10.2719 -7.75265 33.3567 
-10.7277 -7.85108 34.2368 
-11.4215 -8.72622 34.8377 
-12.3574 -10.8747 34.708 
-12.9761 -15.0657 31.4093 
-8.76618 -14.75 16.9907 
6.34277 11.2737 13.1679 
12.5597 14.8838 30.4873 
11.3551 10.2306 33.0741 
-7.95744 -11.875 20.376 
-9.63373 -13.0775 24.2991 
-10.5944 -12.896 27.6384 
-11.0854 -12.2192 29.9681 
-11.4524 -11.8287 31.4248 
-11.9154 -12.2785 32.0517 
-12.3863 -14.0159 31.1319 
-11.7773 -16.4076 25.8662 
-6.00977 -10.6933 12.9448 
6.54767 11.5291 13.6845 
12.2997 15.5047 28.8881 
11.687 11.2351 32.7191 
10.5124 9.59511 31.822 
-0.860578 -1.48838 12.4436 
-3.59817 -6.19128 13.2936 
-6.23398 -10.3701 15.7422 
-8.13169 -12.957 18.4906 
-9.065 -14.1289 19.9539 
-8.80714 -14.1073 18.8304 
-6.36691 -11.0457 14.2 
-0.041174 -0.0756562 9.78144 
8.08227 13.5361 16.6721 
11.8225 15.4539 27.5092 
11.7489 12.4791 31.3809 
10.9089 10.8766 31.2345 
10.2827 10.7665 29.7856 
6.68888 10.5591 17.8218 
6.01212 9.86076 16.1416 
4.90833 8.3516 14.2532 
3.81518 6.66486 12.7942 
3.43498 6.07699 12.1512 
4.41653 7.77675 12.6805 
6.82632 11.5602 15.4263 
9.57889 14.7424 20.8004 
11.1682 14.9847 26.1619 
11.3921 13.603 28.9258 
11.0069 12.56 29.2965 
10.5085 12.3324 28.2239 
9.88815 12.5227 26.0867 
8.08523 11.3961 22.0068 
8.47006 12.0777 22.0385 
8.71513 12.6287 21.824 
8.86944 13.0578 21.519 
9.05576 13.4366 21.4561 
9.39575 13.8322 21.9779 
9.86922 14.1489 23.1491 
10.2818 14.1796 24.561 
10.4391 13.9198 25.5359 
10.2922 13.6055 25.5825 
9.84331 13.3591 24.5134 
8.97256 12.8926 22.2626 
7.39715 11.426 18.9499 
-3.12357 -5.32238 13.5143 
-5.8952 -9.63909 16.163 
-7.73325 -12.0051 19.0413 
-8.76851 -13.05 21.1185 
-9.25557 -13.4684 22.1752 
-9.38619 -13.6006 22.4101 
-9.30284 -13.5452 22.2028 
-9.13444 -13.3491 21.9518 
-8.96192 -13.059 21.8819 
-8.77878 -12.6794 21.9635 
-8.52406 -12.1836 22.0195 
-8.14826 -11.5572 21.8982 
-7.64587 -10.806 21.5753 
-8.07617 -12.1767 20.1779 
-9.5163 -13.255 23.562 
-10.2915 -13.5457 25.6797 
-10.6861 -13.8636 26.4211 
-10.721 -14.3903 25.6749 
-10.2248 -14.6696 23.4691 
-9.20762 -14.1208 20.5929 
-8.1397 -13.0132 18.3894 
-7.56502 -12.2349 17.5845 
-7.58196 -12.1106 18.0212 
-7.88513 -12.2485 19.1444 
-8.11624 -12.1949 20.3247 
-8.09205 -11.8094 21.1203 
-10.002 -12.6321 26.2626 
-10.6386 -12.374 28.5316 
-11.1625 -12.6098 29.6547 
-11.5741 -13.8533 29.0942 
-11.1162 -15.3996 25.3048 
-8.4317 -13.7702 17.8603 
-3.83651 -6.87559 11.7222 
-0.0488743 -0.0895 10.4136 
1.42949 2.57642 10.9133 
0.894975 1.60238 11.127 
-0.902432 -1.60443 11.5043 
-3.09299 -5.36578 12.8615 
-4.87922 -8.1447 14.957 
-10.3011 -11.0753 29.4192 
-10.8495 -10.8753 31.0874 
-11.6543 -12.0324 31.689 
-12.0829 -14.9965 28.9645 
-9.08858 -14.7723 18.5407 
-0.306242 -0.567188 9.63053 
7.35185 12.5433 15.4579 
10.1961 15.3935 21.9577 
10.5938 15.144 23.9295 
9.98908 14.533 22.8526 
8.58349 13.2482 19.8724 
6.26247 10.3074 16.1381 
3.2884 5.62944 13.3856 
-10.2439 -9.72389 31.0224 
-11.0542 -10.0698 32.5485 
-12.2511 -12.7286 32.3654 
-11.4869 -16.5667 24.5985 
-2.2864 -4.24609 9.70133 
8.93712 14.8256 17.6673 
12.3341 15.7933 28.5784 
12.2745 13.181 31.8779 
11.7068 11.9023 31.9786 
11.2613 11.8799 30.871 
10.8499 12.5295 28.9017 
10.1262 13.0988 25.8884 
8.7042 12.5647 21.9025 
-10.2555 -8.96151 31.9654 
-11.407 -10.0172 33.4328 
-12.7155 -14.3049 31.6567 
-8.89838 -14.9102 17.2545 
4.75903 8.71387 11.0917 
12.2487 17.0472 26.4172 
12.9351 13.4788 33.2246 
12.069 10.4484 34.4936 
11.1735 9.02555 33.9778 
10.5912 8.82968 32.8832 
10.324 9.47561 31.5158 
10.1711 10.5784 29.7449 
9.79107 11.605 27.2444 
-10.2734 -8.58409 32.4415 
-11.6273 -10.0545 33.9006 
-12.8841 -15.2021 30.9803 
-7.09923 -12.552 13.8262 
6.77101 12.0996 13.1684 
12.6368 17.3684 27.1958 
13.3658 14.4535 33.1996 
12.7937 11.435 35.1352 
11.7618 9.09072 35.2124 
10.7256 7.86352 34.2197 
10.0525 7.81172 32.8136 
9.76907 8.58694 31.2784 
9.62583 9.73603 29.4713 
-10.1085 -8.28934 32.404 
-11.385 -9.3661 34.0895 
-12.9856 -14.0366 32.6995 
-9.73025 -16.0429 18.5402 
2.21394 4.1819 8.86145 
9.69812 16.2027 18.0068 
12.0682 17.8999 24.383 
13.1399 17.1856 29.0523 
13.3702 14.1536 33.5596 
12.2557 10.1793 35.202 
10.8138 8.01998 34.2474 
9.92047 7.77198 32.5675 
9.53956 8.53944 30.7988 
-9.77329 -8.14175 31.8166 
-10.6476 -8.21741 33.6785 
-12.2577 -10.6558 34.7094 
-13.1494 -16.1584 30.4834 
-9.25186 -15.6499 17.1579 
-3.15099 -5.94356 9.13893 
0 0 8.12012 
3.15099 5.94356 9.13893 
9.25186 15.6499 17.1579 
13.1494 16.1584 30.4834 
12.2577 10.6558 34.7094 
10.6476 8.21741 33.6785 
9.77329 8.14175 31.8166 
-9.53956 -8.53944 30.7988 
-9.92047 -7.77198 32.5675 
-10.8138 -8.01998 34.2474 
-12.2557 -10.1793 35.202 
-13.3702 -14.1536 33.5596 
-13.1399 -17.1856 29.0523 
-12.0682 -17.8999 24.383 
-9.69812 -16.2027 18.0068 
-2.21394 -4.1819 8.86145 
9.73025 16.0429 18.5402 
12.9856 14.0366 32.6995 
11.385 9.3661 34.0895 
10.1085 8.28934 32.404 
-9.62583 -9.73603 29.4713 
-9.76907 -8.58694 31.2784 
-10.0525 -7.81172 32.8136 
-10.7256 -7.86352 34.2197 
-11.7618 -9.09072 35.2124 
-12.7937 -11.435 35.1352 
-13.3658 -14.4535 33.1996 
-12.6368 -17.3684 27.1958 
-6.77101 -12.0996 13.1684 
7.09923 12.552 13.8262 
12.8841 15.2021 30.9803 
11.6273 10.0545 33.9006 
10.2734 8.58409 32.4415 
-9.79107 -11.605 27.2444 
-10.1711 -10.5784 29.7449 
-10.324 -9.47561 31.5158 
-10.5912 -8.82968 32.8832 
-11.1735 -9.02555 33.9778 
-12.069 -10.4484 34.4936 
-12.9351 -13.4788 33.2246 
-12.2487 -17.0472 26.4172 
-4.75903 -8.71387 11.0917 
8.89838 14.9102 17.2545 
12.7155 14.3049 31.6567 
11.407 10.0172 33.4328 
10.2555 8.96151 31.9654 
-8.7042 -12.5647 21.9025 
-10.1262 -13.0988 25.8884 
-10.8499 -12.5295 28.9017 
-11.2613 -11.8799 30.871 
-11.7068 -11.9023 31.9786 
-12.2745 -13.181 31.8779 
-12.3341 -15.7933 28.5784 
-8.93712 -14.8256 17.6673 
2.2864 4.24609 9.70133 
11.4869 16.5667 24.5985 
12.2511 12.7286 32.3654 
11.0542 10.0698 32.5485 
10.2439 9.72389 31.0224 
-3.2884 -5.62944 13.3856 
-6.26247 -10.3074 16.1381 
-8.58349 -13.2482 19.8724 
-9.98908 -14.533 22.8526 
-10.5938 -15.144 23.9295 
-10.1961 -15.3935 21.9577 
-7.35185 -12.5433 15.4579 
0.306242 0.567188 9.63053 
9.08858 14.7723 18.5407 
12.0829 14.9965 28.9645 
11.6543 12.0324 31.689 
10.8495 10.8753 31.0874 
10.3011 11.0753 29.4192 
4.87922 8.1447 14.957 
3.09299 5.36578 12.8615 
0.902432 1.60443 11.5043 
-0.894975 -1.60238 11.127 
-1.42949 -2.57642 10.9133 
0.0488743 0.0895 10.4136 
3.83651 6.87559 11.7222 
8.4317 13.7702 17.8603 
11.1162 15.3996 25.3048 
11.5741 13.8533 29.0942 
11.1625 12.6098 29.6547 
10.6386 12.374 28.5316 
10.002 12.6321 26.2626 
8.09205 11.8094 21.1203 
8.11624 12.1949 20.3247 
7.88513 12.2485 19.1444 
7.58196 12.1106 18.0212 
7.56502 12.2349 17.5845 
8.1397 13.0132 18.3894 
9.20762 14.1208 20.5929 
10.2248 14.6696 23.4691 
10.721 14.3903 25.6749 
10.6861 13.8636 26.4211 
10.2915 13.5457 25.6797 
9.5163 13.255 23.562 
8.07617 12.1767 20.1779 
7.64587 10.806 21.5753 
8.14826 11.5572 21.8982 
8.52406 12.1836 22.0195 
8.77878 12.6794 21.9635 
8.96192 13.059 21.8819 
9.13444 13.3491 21.9518 
9.30284 13.5452 22.2028 
9.38619 13.6006 22.4101 
9.25557 13.4684 22.1752 
8.76851 13.05 21.1185 
7.73325 12.0051 19.0413 
5.8952 9.63909 16.163 
3.12357 5.32238 13.5143 
