0.491427
0.171805
0.312954
0.355338
0.147334
0.20526
0.0605298
0.0114186
0.219686
0.316195
0.206819
0.410766
0.125585
0.291318
0.124759
0.317266
0.24022
0.173838
0.112294
0.132444
0.0440751
0.23504
0.287467
0.304613
0.351822
0.219686
0.213965
0.207217
0.294314
0.197915
0.0462037
0.182103
0.296035
0.235179
0.264399
0.432241
0.385256
0.432241
0.170984
0.164421
0.0419617
0.128618
0.132534
0.240132
0.107991
0.274683
0.133683
0.339193
0.177458
0.177458
0.821232
0.128474
0.0841634
0.278856
0.425704
0.350578
0.277143
0.308966
0.209669
0.0515632
0.368225
0.867162
0.24935
0.221678
0.365772
0.179678
0.282299
0.292617
0.308213
0.118713
0.135355
0.500895
0.800629
0.801296
0.304613
0.255853
0.265071
0.235959
0.0503191
0.408197
0.0462037
0.0896135
0.199142
0.243281
0.419845
0.262555
0.304455
0.179843
0.0440751
0.0803679
0.18557
0.278608
0.239123
0.0565661
0.117937
0.259354
0.479718
0.145077
0.649917
0.357793
0.145924
0.407342
0.402823
0.193585
0.308896
0.309889
0.117937
0.265823
0.405173
0.485984
0.676676
0.485984
0.405173
0.265823
0.117937
0.309889
0.308896
0.193585
0.402823
0.407342
0.145924
0.357793
0.649917
0.145077
0.479718
0.259354
0.117937
0.0565661
0.239123
0.278608
0.18557
0.0803679
0.0440751
0.179843
0.304455
0.262555
0.419845
0.243281
0.199142
0.0896135
0.0462037
0.408197
0.0503191
0.235959
0.265071
0.255853
0.304613
0.801296
0.800629
0.500895
0.135355
0.118713
0.308213
0.292617
0.282299
0.179678
0.365772
0.221678
0.24935
0.867162
0.368225
0.0515632
0.209669
0.308966
0.277143
0.350578
0.425704
0.278856
0.0841634
0.128474
0.821232
0.177458
0.177458
0.339193
0.133683
0.274683
0.107991
0.240132
0.132534
0.128618
0.0419617
0.164421
0.170984
0.432241
0.385256
0.432241
0.264399
0.235179
0.296035
0.182103
0.0462037
0.197915
0.294314
0.207217
0.213965
0.219686
0.351822
0.304613
0.287467
0.23504
0.0440751
0.132444
0.112294
0.173838
0.24022
0.317266
0.124759
0.291318
0.125585
0.410766
0.206819
0.316195
0.219686
0.0114186
0.0605298
0.20526
0.147334
0.355338
0.312954
0.171805
0.491427
0.0781755
0.0549907
0.147098
0.116045
0.112294
0.189608
0.132444
0.230755
0.194734
0.271487
0.0680672
0.669901
0.498282
0.167921
0.194496
0.160855
0.0922203
0.15755
0.145777
0.244032
0.291459
0.377049
0.171805
0.692819
0.600831
0.525338
0.2728
0.314553
0.106787
0.220078
0.618882
0.147544
0.152023
0.678645
0.133683
0.339193
0.478431
0.565708
0.333788
0.2393
0.428045
0.348178
0.180957
0.403611
0.359999
0.0431819
0.362076
0.306471
0.281462
0.811754
0.596114
0.490148
0.302542
0.3814
0.212275
0.240654
0.193147
0.157248
0.0177771
0.254486
0.0680672
0.103468
0.435562
0.317159
0.125635
0.312725
0.145412
0.0808144
0.150648
0.224033
0.151159
0.157676
0.126278
0.22744
0.22744
0.108579
0.250845
0.278922
0.357897
0.175383
0.0771788
0.0634991
0.078037
0.0771788
0.0264856
0.0909942
0.080269
0.11354
0.0794203
0.106601
0.221749
0.0836125
0.354949
0.13605
0.344458
0.37045
0.250897
0.117313
0.453998
0.101761
0.0634991
0.517821
0.173721
0.190292
0.31122
0.284376
0.290143
0.37045
0.375911
0.0264856
0.676676
0.0264856
0.375911
0.37045
0.290143
0.284376
0.31122
0.190292
0.173721
0.517821
0.0634991
0.101761
0.453998
0.117313
0.250897
0.37045
0.344458
0.13605
0.354949
0.0836125
0.221749
0.106601
0.0794203
0.11354
0.080269
0.0909942
0.0264856
0.0771788
0.078037
0.0634991
0.0771788
0.175383
0.357897
0.278922
0.250845
0.108579
0.22744
0.22744
0.126278
0.157676
0.151159
0.224033
0.150648
0.0808144
0.145412
0.312725
0.125635
0.317159
0.435562
0.103468
0.0680672
0.254486
0.0177771
0.157248
0.193147
0.240654
0.212275
0.3814
0.302542
0.490148
0.596114
0.811754
0.281462
0.306471
0.362076
0.0431819
0.359999
0.403611
0.180957
0.348178
0.428045
0.2393
0.333788
0.565708
0.478431
0.339193
0.133683
0.678645
0.152023
0.147544
0.618882
0.220078
0.106787
0.314553
0.2728
0.525338
0.600831
0.692819
0.171805
0.377049
0.291459
0.244032
0.145777
0.15755
0.0922203
0.160855
0.194496
0.167921
0.498282
0.669901
0.0680672
0.271487
0.194734
0.230755
0.132444
0.189608
0.112294
0.116045
0.147098
0.0549907
0.0781755
0.28951
0.358719
0.140667
0.192856
0.0971645
0.0896135
0.193585
0.147454
0.691229
0.19455
0.279725
0.469625
0.925778
0.171934
0.242497
0.217857
0.135175
0.347117
0.170656
0.464974
0.350593
0.331011
0.291032
0.403706
0.665261
0.666256
0.0743357
0.135355
0.703017
0.263357
0.0756379
0.387416
0.616459
0.18694
0.125148
0.281923
0.563929
0.666417
0.403706
0.498119
0.401282
0.0841634
0.302181
0.212706
0.0922203
0.201129
0.0177771
0.194734
0.352924
0.181657
0.435562
0.279725
0.240654
0.248344
0.151652
0.271105
0.179065
0.264082
0.211971
0.221749
0.176472
0.24935
0.24935
0.126278
0.0800243
0.328981
0.190292
0.284376
0.098873
0.242884
0.321909
0.200549
0.0995302
0.11354
0.298051
0.0794203
0.192651
0.173721
0.383226
0.151797
0.32893
0.627463
0.28894
0.255886
0.18954
0.0593851
0.459344
0.276431
0.0535641
0.118949
0.542366
0.101432
0.568776
0.457544
0.234811
0.102084
0.139469
0.0808144
5.81089
0.195105
0.0809873
0.255134
0.190588
0.0404756
0.231325
0.307026
0.234811
0.198924
0.153783
0.261683
0.676676
0.261683
0.153783
0.198924
0.234811
0.307026
0.231325
0.0404756
0.190588
0.255134
0.0809873
0.195105
5.81089
0.0808144
0.139469
0.102084
0.234811
0.457544
0.568776
0.101432
0.542366
0.118949
0.0535641
0.276431
0.459344
0.0593851
0.18954
0.255886
0.28894
0.627463
0.32893
0.151797
0.383226
0.173721
0.192651
0.0794203
0.298051
0.11354
0.0995302
0.200549
0.321909
0.242884
0.098873
0.284376
0.190292
0.328981
0.0800243
0.126278
0.24935
0.24935
0.176472
0.221749
0.211971
0.264082
0.179065
0.271105
0.151652
0.248344
0.240654
0.279725
0.435562
0.181657
0.352924
0.194734
0.0177771
0.201129
0.0922203
0.212706
0.302181
0.0841634
0.401282
0.498119
0.403706
0.666417
0.563929
0.281923
0.125148
0.18694
0.616459
0.387416
0.0756379
0.263357
0.703017
0.135355
0.0743357
0.666256
0.665261
0.403706
0.291032
0.331011
0.350593
0.464974
0.170656
0.347117
0.135175
0.217857
0.242497
0.171934
0.925778
0.469625
0.279725
0.19455
0.691229
0.147454
0.193585
0.0896135
0.0971645
0.192856
0.140667
0.358719
0.28951
0.296321
0.207217
0.192627
0.236466
0.397638
0.266764
0.0852052
0.118713
0.373212
0.235179
0.264565
0.525338
1.17577
0.0652898
0.193349
0.249434
0.371325
0.223454
0.276675
0.703679
0.0333447
0.00498324
0.147406
0.313492
0.483475
0.297813
0.241629
0.388278
0.756057
0.323368
0.295022
0.346406
0.266764
0.182103
0.135355
0.170984
0.622774
0.410766
0.188565
0.252619
0.217857
0.149093
0.443037
0.154958
0.120918
0.133095
0.0593851
0.157676
0.108579
0.341076
0.276337
0.357793
0.340026
0.270117
0.13605
0.098873
0.231716
0.341687
0.0673228
0.202184
0.0359734
0.117313
0.330159
0.141012
0.376818
0.567301
0.330159
0.231325
0.350051
0.411457
0.724319
0.102084
0.0844537
0.151652
0.269534
0.162847
0.133082
0.15188
0.258817
0.707071
0.681049
0.507388
1.02348
0.275815
0.437529
0.427277
0.145077
0.173838
0.254695
0.28534
0.50199
0.609269
0.78557
1.99814
1.64566
0.696932
0.364858
0.280861
0.635493
0.22469
0.27293
0.729728
0.214081
1.03713
0.886429
0.685338
0.676046
0.175541
0.450661
0.211112
0.676676
0.211112
0.450661
0.175541
0.676046
0.685338
0.886429
1.03713
0.214081
0.729728
0.27293
0.22469
0.635493
0.280861
0.364858
0.696932
1.64566
1.99814
0.78557
0.609269
0.50199
0.28534
0.254695
0.173838
0.145077
0.427277
0.437529
0.275815
1.02348
0.507388
0.681049
0.707071
0.258817
0.15188
0.133082
0.162847
0.269534
0.151652
0.0844537
0.102084
0.724319
0.411457
0.350051
0.231325
0.330159
0.567301
0.376818
0.141012
0.330159
0.117313
0.0359734
0.202184
0.0673228
0.341687
0.231716
0.098873
0.13605
0.270117
0.340026
0.357793
0.276337
0.341076
0.108579
0.157676
0.0593851
0.133095
0.120918
0.154958
0.443037
0.149093
0.217857
0.252619
0.188565
0.410766
0.622774
0.170984
0.135355
0.182103
0.266764
0.346406
0.295022
0.323368
0.756057
0.388278
0.241629
0.297813
0.483475
0.313492
0.147406
0.00498324
0.0333447
0.703679
0.276675
0.223454
0.371325
0.249434
0.193349
0.0652898
1.17577
0.525338
0.264565
0.235179
0.373212
0.118713
0.0852052
0.266764
0.397638
0.236466
0.192627
0.207217
0.296321
0.278184
0.216436
0.185147
0.302484
0.0448634
0.127357
0.349734
0.155652
0.222825
0.386592
0.362076
0.41475
1.13005
0.366928
0.224272
0.349849
0.542741
0.283528
0.223454
0.513609
0.403611
0.320348
0.369358
0.282365
0.718112
0.559208
0.218139
0.313016
0.192244
0.193349
0.116428
0.173701
0.216436
0.160855
0.358719
0.260279
0.0114186
0.498282
0.807129
0.0419617
0.274295
0.112425
0.0704355
0.230871
0.230871
0.235822
0.0704355
0.0359734
0.253093
0.168863
1.03125
0.523859
0.155511
0.699975
0.279895
0.424643
0.307026
0.411457
0.457075
0.175491
0.58507
0.120918
0.168863
0.232019
0.145388
0.421298
0.381605
0.211147
0.21751
0.432278
0.433808
0.409194
0.162703
0.157537
0.147063
0.368455
0.148981
0.481529
0.831574
0.720707
0.33396
0.626677
0.345154
0.455504
0.0329336
0.178647
0.264399
0.287409
0.349817
0.207811
0.487159
0.905776
0.681049
0.567388
0.248058
0.153783
0.172613
0.189578
0.326512
0.170443
0.153672
0.135355
0.372921
0.203782
0.610025
0.514627
0.336864
0.198787
0.088292
0.521435
0.676676
0.521435
0.088292
0.198787
0.336864
0.514627
0.610025
0.203782
0.372921
0.135355
0.153672
0.170443
0.326512
0.189578
0.172613
0.153783
0.248058
0.567388
0.681049
0.905776
0.487159
0.207811
0.349817
0.287409
0.264399
0.178647
0.0329336
0.455504
0.345154
0.626677
0.33396
0.720707
0.831574
0.481529
0.148981
0.368455
0.147063
0.157537
0.162703
0.409194
0.433808
0.432278
0.21751
0.211147
0.381605
0.421298
0.145388
0.232019
0.168863
0.120918
0.58507
0.175491
0.457075
0.411457
0.307026
0.424643
0.279895
0.699975
0.155511
0.523859
1.03125
0.168863
0.253093
0.0359734
0.0704355
0.235822
0.230871
0.230871
0.0704355
0.112425
0.274295
0.0419617
0.807129
0.498282
0.0114186
0.260279
0.358719
0.160855
0.216436
0.173701
0.116428
0.193349
0.192244
0.313016
0.218139
0.559208
0.718112
0.282365
0.369358
0.320348
0.403611
0.513609
0.223454
0.283528
0.542741
0.349849
0.224272
0.366928
1.13005
0.41475
0.362076
0.386592
0.222825
0.155652
0.349734
0.127357
0.0448634
0.302484
0.185147
0.216436
0.278184
0.040224
0.173701
0.261424
0.375999
0.232
0.202045
0.230584
0.147544
0.0167999
0.274382
0.333677
0.0515632
0.103219
0.483525
0.26856
0.226892
0.218139
0.300339
0.265657
0.220078
0.44527
0.147763
0.386945
0.0892421
0.427464
0.563929
0.554703
0.205963
0.548893
0.222903
0.0759491
0.255077
0.366366
0.22894
0.326005
0.196256
0.289159
0.325411
0.406028
0.227557
0.271577
0.277873
0.144941
0.338788
0.364588
0.528903
0.15188
0.37807
0.315602
0.106601
0.0909942
0.080269
0.179929
0.430503
0.353741
0.540484
0.610025
0.509967
0.716597
0.406047
0.322321
0.382375
0.24202
0.116205
0.151159
0.368504
0.112306
0.302572
2.35934
1.0423
0.353008
0.281055
0.401497
0.521445
0.14649
0.304852
0.23504
0.246693
0.891845
0.891845
0.302572
0.405569
0.323928
0.264276
0.0661933
0.278608
0.534199
0.170443
0.440133
0.309796
0.401282
0.29711
0.258817
0.1582
0.58805
0.382843
0.145924
0.756009
0.421701
1.48973
0.344664
0.323376
0.127535
0.191557
0.387874
0.132107
0.176472
0.179843
0.281462
0.665261
0.676676
0.665261
0.281462
0.179843
0.176472
0.132107
0.387874
0.191557
0.127535
0.323376
0.344664
1.48973
0.421701
0.756009
0.145924
0.382843
0.58805
0.1582
0.258817
0.29711
0.401282
0.309796
0.440133
0.170443
0.534199
0.278608
0.0661933
0.264276
0.323928
0.405569
0.302572
0.891845
0.891845
0.246693
0.23504
0.304852
0.14649
0.521445
0.401497
0.281055
0.353008
1.0423
2.35934
0.302572
0.112306
0.368504
0.151159
0.116205
0.24202
0.382375
0.322321
0.406047
0.716597
0.509967
0.610025
0.540484
0.353741
0.430503
0.179929
0.080269
0.0909942
0.106601
0.315602
0.37807
0.15188
0.528903
0.364588
0.338788
0.144941
0.277873
0.271577
0.227557
0.406028
0.325411
0.289159
0.196256
0.326005
0.22894
0.366366
0.255077
0.0759491
0.222903
0.548893
0.205963
0.554703
0.563929
0.427464
0.0892421
0.386945
0.147763
0.44527
0.220078
0.265657
0.300339
0.218139
0.226892
0.26856
0.483525
0.103219
0.0515632
0.333677
0.274382
0.0167999
0.147544
0.230584
0.202045
0.232
0.375999
0.261424
0.173701
0.040224
0.0649859
0.0652898
0.301304
0.224272
0.274678
0.278856
0.177249
0.229867
0.501934
0.134216
0.277015
0.291032
0.385156
0.2166
0.256998
0.301817
0.129813
0.241629
0.304048
0.106287
0.128618
0.0182501
0.0521505
0.39395
0.306471
0.24935
0.389529
0.123715
0.18731
0.42092
0.102097
0.257712
0.117329
0.271615
0.271074
0.340026
0.259354
0.500088
0.279799
0.137266
0.0808204
0.200549
0.231716
0.563595
0.402026
0.1872
0.242727
0.289908
0.331133
0.145388
0.0917786
0.269534
0.183009
0.383226
0.18507
0.540484
0.666129
0.240171
0.614628
0.903551
0.799368
0.570658
0.175752
0.213965
0.116205
0.4682
0.607256
0.415275
1.48662
0.870421
0.138989
0.544536
0.274541
0.0545557
0.208246
0.17263
0.125585
0.0781755
0.519117
2.35934
1.88267
0.415275
0.116433
0.655686
0.210533
0.238416
0.147454
0.221678
0.526333
0.259325
0.581612
0.290556
0.306223
0.776997
0.191002
0.103468
0.695823
0.48985
0.622198
0.297813
0.615924
0.57442
0.666256
0.307442
0.102254
0.259325
0.666417
1.01759
1.30073
1.57777
0.676676
1.57777
1.30073
1.01759
0.666417
0.259325
0.102254
0.307442
0.666256
0.57442
0.615924
0.297813
0.622198
0.48985
0.695823
0.103468
0.191002
0.776997
0.306223
0.290556
0.581612
0.259325
0.526333
0.221678
0.147454
0.238416
0.210533
0.655686
0.116433
0.415275
1.88267
2.35934
0.519117
0.0781755
0.125585
0.17263
0.208246
0.0545557
0.274541
0.544536
0.138989
0.870421
1.48662
0.415275
0.607256
0.4682
0.116205
0.213965
0.175752
0.570658
0.799368
0.903551
0.614628
0.240171
0.666129
0.540484
0.18507
0.383226
0.183009
0.269534
0.0917786
0.145388
0.331133
0.289908
0.242727
0.1872
0.402026
0.563595
0.231716
0.200549
0.0808204
0.137266
0.279799
0.500088
0.259354
0.340026
0.271074
0.271615
0.117329
0.257712
0.102097
0.42092
0.18731
0.123715
0.389529
0.24935
0.306471
0.39395
0.0521505
0.0182501
0.128618
0.106287
0.304048
0.241629
0.129813
0.301817
0.256998
0.2166
0.385156
0.291032
0.277015
0.134216
0.501934
0.229867
0.177249
0.278856
0.274678
0.224272
0.301304
0.0652898
0.0649859
0.040224
0.137697
0.387104
0.552559
0.315856
0.300339
0.177249
0.208607
0.465544
0.314804
0.277015
0.0317809
0.188317
0.0578154
0.274532
0.331018
0.389529
0.346538
0.217476
0.192244
0.0448634
0.289897
0.308213
0.261438
0.0892421
0.281923
0.129813
0.337468
0.317998
0.0141772
0.139469
0.0192859
0.0945
0.0609562
0.0808204
0.150648
0.298176
0.289159
0.325411
0.0743357
0.0661933
0.0535641
0.166634
0.364588
0.102987
0.413274
0.150843
0.207565
0.0983984
0.106279
0.251974
0.023594
0.399642
0.348577
0.151797
0.361733
0.66149
0.238345
0.432278
0.522843
0.281055
0.392351
0.141093
0.0845388
0.351628
0.626545
0.649917
0.878899
0.393476
1.78096
0.901948
0.681052
0.478806
0.292707
0.729728
0.456049
0.280861
0.279799
0.808155
0.290556
0.629694
1.81292
0.938921
0.275214
0.278978
0.490738
0.174569
0.180533
0.0317809
0.103219
1.32811
1.40937
1.57777
1.89851
3.98153
1.10252
1.27887
0.191002
0.242638
0.102254
0.351822
0.344664
0.559208
0.78618
0.984425
1.40937
1.11384
1.11384
1.59002
0.519117
0.676676
0.519117
1.59002
1.11384
1.11384
1.40937
0.984425
0.78618
0.559208
0.344664
0.351822
0.102254
0.242638
0.191002
1.27887
1.10252
3.98153
1.89851
1.57777
1.40937
1.32811
0.103219
0.0317809
0.180533
0.174569
0.490738
0.278978
0.275214
0.938921
1.81292
0.629694
0.290556
0.808155
0.279799
0.280861
0.456049
0.729728
0.292707
0.478806
0.681052
0.901948
1.78096
0.393476
0.878899
0.649917
0.626545
0.351628
0.0845388
0.141093
0.392351
0.281055
0.522843
0.432278
0.238345
0.66149
0.361733
0.151797
0.348577
0.399642
0.023594
0.251974
0.106279
0.0983984
0.207565
0.150843
0.413274
0.102987
0.364588
0.166634
0.0535641
0.0661933
0.0743357
0.325411
0.289159
0.298176
0.150648
0.0808204
0.0609562
0.0945
0.0192859
0.139469
0.0141772
0.317998
0.337468
0.129813
0.281923
0.0892421
0.261438
0.308213
0.289897
0.0448634
0.192244
0.217476
0.346538
0.389529
0.331018
0.274532
0.0578154
0.188317
0.0317809
0.277015
0.314804
0.465544
0.208607
0.177249
0.300339
0.315856
0.552559
0.387104
0.137697
0.040224
0.261683
0.255436
0.116428
0.289815
0.301827
0.276344
0.526788
0.25993
0.633657
0.107991
0.18694
0.34465
0.391374
0.170393
0.18731
0.256998
0.301817
0.0335536
0.29836
0.205963
0.214647
0.127357
0.363774
0.0431819
0.125148
0.333788
0.489182
0.5178
0.437755
0.211981
0.417079
0.32787
0.207309
0.0482148
0.20953
0.0649859
0.167082
0.0539856
0.0605298
0.662599
0.242915
0.241637
0.255886
0.242727
0.28894
0.129484
0.406471
0.207565
0.0983984
0.106279
0.264713
0.271137
0.138595
0.0614535
0.296425
0.242145
0.350051
0.746689
0.71689
0.317452
0.513577
0.352817
0.199204
0.363098
0.133095
0.250845
0.920321
0.389648
0.116433
0.727283
0.33396
1.28865
0.516736
0.303671
0.593261
0.149602
0.301827
0.15755
0.476821
0.276337
0.421298
0.112306
1.53198
0.385423
0.211147
0.428008
0.118949
0.0482148
0.362514
0.53423
0.24398
0.526333
0.669901
0.408845
0.607256
0.831574
2.08399
0.813435
0.583354
0.430503
0.023594
0.306057
0.491427
0.521435
0.446306
0.188565
0.262555
0.242638
0.705142
0.629694
0.676676
0.629694
0.705142
0.242638
0.262555
0.188565
0.446306
0.521435
0.491427
0.306057
0.023594
0.430503
0.583354
0.813435
2.08399
0.831574
0.607256
0.408845
0.669901
0.526333
0.24398
0.53423
0.362514
0.0482148
0.118949
0.428008
0.211147
0.385423
1.53198
0.112306
0.421298
0.276337
0.476821
0.15755
0.301827
0.149602
0.593261
0.303671
0.516736
1.28865
0.33396
0.727283
0.116433
0.389648
0.920321
0.250845
0.133095
0.363098
0.199204
0.352817
0.513577
0.317452
0.71689
0.746689
0.350051
0.242145
0.296425
0.0614535
0.138595
0.271137
0.264713
0.106279
0.0983984
0.207565
0.406471
0.129484
0.28894
0.242727
0.255886
0.241637
0.242915
0.662599
0.0605298
0.0539856
0.167082
0.0649859
0.20953
0.0482148
0.207309
0.32787
0.417079
0.211981
0.437755
0.5178
0.489182
0.333788
0.125148
0.0431819
0.363774
0.127357
0.214647
0.205963
0.29836
0.0335536
0.301817
0.256998
0.18731
0.170393
0.391374
0.34465
0.18694
0.107991
0.633657
0.25993
0.526788
0.276344
0.301827
0.289815
0.116428
0.255436
0.261683
0.0565661
0.192627
0.138595
0.193248
0.235537
0.232
0.340524
0.487842
0.230584
0.240132
0.222825
0.261438
0.265071
0.0845388
0.222903
0.317998
0.230367
0.0335536
0.542741
0.267054
0.505712
0.364828
0.29206
0.411489
0.189578
0.147406
0.218298
0.0545557
0.516475
0.169969
0.222855
0.130198
0.298453
0.44667
0.266283
0.164421
0.0971645
0.0803679
0.366645
0.374055
0.339735
0.337266
0.276353
0.334267
0.362279
0.255134
0.175491
0.333333
0.0742159
0.0614535
0.150746
0.0800243
0.123715
0.0141772
0.262933
0.290664
0.340971
0.490298
0.132354
0.796429
0.648415
0.177476
0.275707
0.0742159
0.179065
0.193248
0.271615
0.144941
0.191197
0.621719
0.136919
0.521027
1.47094
0.815221
0.487159
0.679369
0.32527
0.170393
0.197915
0.211971
0.655673
0.278978
0.245277
0.720707
0.870421
0.746689
0.733066
0.0718026
0.171387
0.150656
0.274678
0.244032
0.343983
0.132107
0.101432
0.275214
0.917651
0.385423
0.379222
0.0404756
0.0673228
0.224054
0.106287
0.350578
0.088292
0.318288
0.125614
0.387874
0.797592
0.393476
0.676676
0.393476
0.797592
0.387874
0.125614
0.318288
0.088292
0.350578
0.106287
0.224054
0.0673228
0.0404756
0.379222
0.385423
0.917651
0.275214
0.101432
0.132107
0.343983
0.244032
0.274678
0.150656
0.171387
0.0718026
0.733066
0.746689
0.870421
0.720707
0.245277
0.278978
0.655673
0.211971
0.197915
0.170393
0.32527
0.679369
0.487159
0.815221
1.47094
0.521027
0.136919
0.621719
0.191197
0.144941
0.271615
0.193248
0.179065
0.0742159
0.275707
0.177476
0.648415
0.796429
0.132354
0.490298
0.340971
0.290664
0.262933
0.0141772
0.123715
0.0800243
0.150746
0.0614535
0.0742159
0.333333
0.175491
0.255134
0.362279
0.334267
0.276353
0.337266
0.339735
0.374055
0.366645
0.0803679
0.0971645
0.164421
0.266283
0.44667
0.298453
0.130198
0.222855
0.169969
0.516475
0.0545557
0.218298
0.147406
0.189578
0.411489
0.29206
0.364828
0.505712
0.267054
0.542741
0.0335536
0.230367
0.317998
0.222903
0.0845388
0.265071
0.261438
0.222825
0.240132
0.230584
0.487842
0.340524
0.232
0.235537
0.193248
0.138595
0.192627
0.0565661
0.326748
0.126327
0.188324
0.352193
0.302181
0.263818
0.215678
0.132534
0.170656
0.147763
0.0521505
0.36304
0.336995
0.171934
0.235963
0.254695
0.639554
0.575088
0.207811
0.208246
0.305363
0.380234
0.178647
0.0333447
0.289336
0.490148
0.205208
0.194059
0.380983
0.246994
0.629559
0.35164
0.389248
0.291211
0.232502
0.158113
0.0852052
0.317541
0.24398
0.130198
0.35164
0.175541
0.385537
0.455504
0.303596
0.292682
0.372309
0.0809873
0.244342
0.232022
0.194496
0.0539856
0.288378
0.658377
0.393173
0.446782
0.177476
0.19098
0.19098
0.308822
0.635936
0.233324
0.515486
0.342575
0.175383
0.366549
0.20554
0.22021
0.248058
0.514627
0.502263
0.507388
0.0776898
0.783561
0.345621
0.0718026
0.362143
0.133082
0.0329336
0.173405
0.214347
0.1872
0.0338825
0.138989
0.521027
1.18745
1.46074
0.0420818
0.23195
0.514857
0.0686607
0.422508
0.203131
0.214347
0.102987
0.689711
0.407664
1.25306
0.240171
0.132354
0.583791
0.337681
0.149602
0.230367
0.477934
0.222855
0.22021
0.129484
0.0338825
0.136919
0.676676
0.136919
0.0338825
0.129484
0.22021
0.222855
0.477934
0.230367
0.149602
0.337681
0.583791
0.132354
0.240171
1.25306
0.407664
0.689711
0.102987
0.214347
0.203131
0.422508
0.0686607
0.514857
0.23195
0.0420818
1.46074
1.18745
0.521027
0.138989
0.0338825
0.1872
0.214347
0.173405
0.0329336
0.133082
0.362143
0.0718026
0.345621
0.783561
0.0776898
0.507388
0.502263
0.514627
0.248058
0.22021
0.20554
0.366549
0.175383
0.342575
0.515486
0.233324
0.635936
0.308822
0.19098
0.19098
0.177476
0.446782
0.393173
0.658377
0.288378
0.0539856
0.194496
0.232022
0.244342
0.0809873
0.372309
0.292682
0.303596
0.455504
0.385537
0.175541
0.35164
0.130198
0.24398
0.317541
0.0852052
0.158113
0.232502
0.291211
0.389248
0.35164
0.629559
0.246994
0.380983
0.194059
0.205208
0.490148
0.289336
0.0333447
0.178647
0.380234
0.305363
0.208246
0.207811
0.575088
0.639554
0.254695
0.235963
0.171934
0.336995
0.36304
0.0521505
0.147763
0.170656
0.132534
0.215678
0.263818
0.302181
0.352193
0.188324
0.126327
0.326748
0.211112
0.18557
0.145777
0.114147
0.312725
0.172613
0.289897
0.324763
0.426786
0.201574
0.101873
0.120407
0.204165
0.127535
0.145412
0.201353
0.286032
0.549336
0.27293
0.267054
0.535813
0.0756379
0.337727
0.0167999
0.251526
0.39395
0.222481
0.158589
0.242915
0.274532
0.422508
0.150656
0.364858
0.276344
0.265657
0.116066
0.294842
0.134216
0.153672
0.279494
0.173405
0.379471
0.419214
0.246994
0.385537
0.20554
0.218298
0.0578154
0.176626
0.188324
0.411294
0.36086
0.141093
0.425421
0.611564
0.335712
0.275815
0.240535
0.28534
0.0212566
0.333467
0.0192859
0.191557
0.221699
0.167921
0.203592
0.557807
0.658377
0.399025
0.345621
0.259286
0.203782
0.210684
0.583791
0.198924
0.262933
0.185974
0.270969
0.315141
0.982852
0.0661403
0.373579
0.288876
0.160962
0.0776898
0.555205
0.522843
0.303201
0.352817
0.333467
0.262725
0.315141
0.377676
0.13114
0.303671
0.160962
0.317452
0.608772
0.715716
0.685338
0.696932
0.506166
0.575364
0.388841
0.32527
0.536941
0.883528
0.667835
0.614628
0.555205
0.676676
0.555205
0.614628
0.667835
0.883528
0.536941
0.32527
0.388841
0.575364
0.506166
0.696932
0.685338
0.715716
0.608772
0.317452
0.160962
0.303671
0.13114
0.377676
0.315141
0.262725
0.333467
0.352817
0.303201
0.522843
0.555205
0.0776898
0.160962
0.288876
0.373579
0.0661403
0.982852
0.315141
0.270969
0.185974
0.262933
0.198924
0.583791
0.210684
0.203782
0.259286
0.345621
0.399025
0.658377
0.557807
0.203592
0.167921
0.221699
0.191557
0.0192859
0.333467
0.0212566
0.28534
0.240535
0.275815
0.335712
0.611564
0.425421
0.141093
0.36086
0.411294
0.188324
0.176626
0.0578154
0.218298
0.20554
0.385537
0.246994
0.419214
0.379471
0.173405
0.279494
0.153672
0.134216
0.294842
0.116066
0.265657
0.276344
0.364858
0.150656
0.422508
0.274532
0.242915
0.158589
0.222481
0.39395
0.251526
0.0167999
0.337727
0.0756379
0.535813
0.267054
0.27293
0.549336
0.286032
0.201353
0.145412
0.127535
0.204165
0.120407
0.101873
0.201574
0.426786
0.324763
0.289897
0.172613
0.312725
0.114147
0.145777
0.18557
0.211112
0.371535
0.251526
0.30488
0.333811
0.0943106
0.0182501
0.0943106
0.28071
0.127328
0.149808
0.120407
0.204165
0.317159
0.153314
0.316099
0.114147
0.158113
0.106787
0.214647
0.431566
0.116066
0.0503191
0.155652
0.293139
0.153314
0.125635
0.170527
0.227557
0.261424
0.291211
0.333813
0.337468
0.621501
0.20395
0.179678
0.348178
0.377397
0.274683
0.274382
0.311677
0.158589
0.321748
0.239309
0.169969
0.514114
0.331018
0.249367
0.304048
0.28988
0.14649
0.344415
0.371535
0.20953
0.42092
0.203592
0.722959
0.238941
0.339735
0.162703
0.337266
0.194059
0.538358
0.137266
0.338129
0.101873
0.102097
0.33484
0.501642
0.335712
0.676046
0.0661403
0.487204
0.309868
0.276353
0.25019
0.316993
0.222481
0.167082
0.0923891
0.518509
0.457661
0.23195
0.801136
0.854983
0.468592
0.303201
0.274541
0.0212566
0.282031
0.0609562
0.247051
0.118623
0.303596
0.337681
0.515707
0.745013
0.0420818
1.18745
0.214081
0.447721
0.454663
0.181743
0.282031
0.379536
0.0945
0.199204
0.240535
1.10982
0.825516
0.715716
0.676676
0.715716
0.825516
1.10982
0.240535
0.199204
0.0945
0.379536
0.282031
0.181743
0.454663
0.447721
0.214081
1.18745
0.0420818
0.745013
0.515707
0.337681
0.303596
0.118623
0.247051
0.0609562
0.282031
0.0212566
0.274541
0.303201
0.468592
0.854983
0.801136
0.23195
0.457661
0.518509
0.0923891
0.167082
0.222481
0.316993
0.25019
0.276353
0.309868
0.487204
0.0661403
0.676046
0.335712
0.501642
0.33484
0.102097
0.101873
0.338129
0.137266
0.538358
0.194059
0.337266
0.162703
0.339735
0.238941
0.722959
0.203592
0.42092
0.20953
0.371535
0.344415
0.14649
0.28988
0.304048
0.249367
0.331018
0.514114
0.169969
0.239309
0.321748
0.158589
0.311677
0.274382
0.274683
0.377397
0.348178
0.179678
0.20395
0.621501
0.337468
0.333813
0.291211
0.261424
0.227557
0.170527
0.125635
0.153314
0.293139
0.155652
0.0503191
0.116066
0.431566
0.214647
0.106787
0.158113
0.114147
0.316099
0.153314
0.317159
0.204165
0.120407
0.149808
0.127328
0.28071
0.0943106
0.0182501
0.0943106
0.333811
0.30488
0.251526
0.371535
