1 1.70289
2 1.66835
3 1.63379
4 1.59925
5 1.56475
6 1.53034
7 1.49603
8 1.47855
9 1.48311
10 1.48773
11 1.49239
12 1.49707
13 1.50174
14 1.50638
15 1.51097
16 1.5155
17 1.51994
18 1.52427
19 1.52848
20 1.53254
21 1.53644
22 1.54016
23 1.54369
24 1.54701
25 1.55011
26 1.55296
27 1.55557
28 1.55791
29 1.55998
30 1.56176
31 1.56324
32 1.56441
33 1.56526
34 1.56579
35 1.56598
36 1.56583
37 1.56533
38 1.56448
39 1.56327
40 1.56169
41 1.55975
42 1.55743
43 1.55473
44 1.55165
45 1.5482
46 1.54436
47 1.54013
48 1.53552
49 1.53052
50 1.52514
51 1.51937
52 1.51322
53 1.50668
54 1.49976
55 1.49246
56 1.48478
57 1.47673
58 1.4683
59 1.45951
60 1.45035
61 1.44083
62 1.43095
63 1.42072
64 1.41015
65 1.39924
66 1.388
67 1.37643
68 1.36455
69 1.35235
70 1.33985
71 1.32706
72 1.31398
73 1.30063
74 1.28701
75 1.27313
76 1.25901
77 1.24465
78 1.23007
79 1.21528
80 1.20028
81 1.18523
82 1.17296
83 1.16333
84 1.1549
85 1.14793
86 1.14068
87 1.13598
88 1.13149
89 1.12669
90 1.12161
91 1.11868
92 1.11653
93 1.11408
94 1.11133
95 1.10827
96 1.10493
97 1.10233
98 1.10218
99 1.10173
100 1.10098
101 1.09992
102 1.09857
103 1.09692
104 1.09497
105 1.09273
106 1.0902
107 1.09029
108 1.09137
109 1.09216
110 1.09266
111 1.09286
112 1.09276
113 1.09237
114 1.09169
115 1.09071
116 1.08944
117 1.08788
118 1.08603
119 1.0839
120 1.08147
121 1.08227
122 1.08422
123 1.08589
124 1.08726
125 1.08836
126 1.08916
127 1.08968
128 1.08991
129 1.08985
130 1.08951
131 1.08888
132 1.08796
133 1.08676
134 1.08527
135 1.0835
136 1.08145
137 1.07913
138 1.07652
139 1.07364
140 1.07049
141 1.06887
142 1.07155
143 1.07396
144 1.07611
145 1.07798
146 1.07959
147 1.08092
148 1.08197
149 1.08275
150 1.08326
151 1.08349
152 1.08344
153 1.08312
154 1.08252
155 1.08165
156 1.0805
157 1.07908
158 1.07738
159 1.07542
160 1.07318
161 1.07068
162 1.06791
163 1.06488
164 1.06159
165 1.05804
166 1.05423
167 1.05017
168 1.04585
169 1.04129
170 1.03649
171 1.03144
172 1.02616
173 1.02064
174 1.02437
175 1.02806
176 1.03152
177 1.03475
178 1.03774
179 1.04049
180 1.043
181 1.04527
182 1.04728
183 1.04905
184 1.05057
185 1.05184
186 1.05286
187 1.05362
188 1.05542
189 1.05746
190 1.05926
191 1.06082
192 1.06214
193 1.06321
194 1.06404
195 1.06462
196 1.06496
197 1.06504
198 1.06488
199 1.06447
200 1.06381
201 1.06291
202 1.06175
203 1.06035
204 1.0587
205 1.05681
206 1.05467
207 1.05229
208 1.04967
209 1.0468
210 1.0437
211 1.04036
212 1.03679
213 1.03298
214 1.02895
215 1.02468
216 1.0202
217 1.01549
218 1.01056
219 1.00541
220 1.00005
221 0.994483
222 0.988708
223 0.98273
224 0.976553
225 0.97018
226 0.963615
227 0.956864
228 0.949929
229 0.942815
230 0.935526
231 0.934993
232 0.934763
233 0.934336
234 0.93371
235 0.932886
236 0.931866
237 0.930649
238 0.929237
239 0.92763
240 0.92583
241 0.923838
242 0.921656
243 0.919284
244 0.916724
245 0.913978
246 0.911048
247 0.907935
248 0.904641
249 0.901169
250 0.900065
251 0.901151
252 0.902049
253 0.902757
254 0.903276
255 0.903605
256 0.903744
257 0.903692
258 0.903451
259 0.903021
260 0.902401
261 0.901593
262 0.900597
263 0.899414
264 0.898045
265 0.896491
266 0.894752
267 0.892832
268 0.89073
269 0.888448
270 0.885989
271 0.883352
272 0.880541
273 0.877557
274 0.874401
275 0.871076
276 0.867584
277 0.863927
278 0.860107
279 0.856127
280 0.851988
281 0.847693
282 0.843244
283 0.838645
284 0.833897
285 0.829003
286 0.823967
287 0.81879
288 0.813476
289 0.808028
290 0.802662
291 0.803826
292 0.804838
293 0.805697
294 0.806402
295 0.806953
296 0.80735
297 0.807593
298 0.807681
299 0.807615
300 0.807396
301 0.807022
302 0.806496
303 0.805818
304 0.804987
305 0.804006
306 0.802874
307 0.801594
308 0.800165
309 0.800305
310 0.805357
311 0.810294
312 0.815114
313 0.819811
314 0.824382
315 0.828823
316 0.83313
317 0.8373
318 0.841329
319 0.845213
320 0.84895
321 0.852535
322 0.855967
323 0.859241
324 0.862356
325 0.865308
326 0.868095
327 0.870715
328 0.873165
329 0.875443
330 0.877548
331 0.879477
332 0.88123
333 0.882804
334 0.884199
335 0.885413
336 0.886446
337 0.887297
338 0.887965
339 0.88845
340 0.888751
341 0.888869
342 0.888803
343 0.888554
344 0.888122
345 0.887508
346 0.886711
347 0.885733
348 0.884574
349 0.883236
350 0.881719
351 0.880025
352 0.878154
353 0.876109
354 0.87389
355 0.871499
356 0.868938
357 0.866207
358 0.86331
359 0.860248
360 0.857022
361 0.853635
362 0.850089
363 0.846385
364 0.842526
365 0.838514
366 0.834351
367 0.83004
368 0.825584
369 0.820983
370 0.816242
371 0.811363
372 0.806348
373 0.8012
374 0.795922
375 0.790517
376 0.784987
377 0.779337
378 0.773568
379 0.767684
380 0.761689
381 0.755584
382 0.749375
383 0.743064
384 0.736655
385 0.730151
386 0.723557
387 0.716874
388 0.710108
389 0.703392
390 0.7032
391 0.702888
392 0.702456
393 0.701906
394 0.701238
395 0.700452
396 0.69955
397 0.698532
398 0.6974
399 0.696154
400 0.694795
401 0.693324
402 0.691742
403 0.690051
404 0.688252
405 0.686346
406 0.684333
407 0.682216
408 0.679996
409 0.677674
410 0.675251
411 0.672728
412 0.670108
413 0.66739
414 0.664578
415 0.661672
416 0.658673
417 0.655583
418 0.652404
419 0.649137
420 0.645784
421 0.642346
422 0.638824
423 0.63522
424 0.631536
425 0.627774
426 0.623935
427 0.62002
428 0.616032
429 0.611972
430 0.607842
431 0.603643
432 0.599378
433 0.595048
434 0.590656
435 0.586202
436 0.58169
437 0.57712
438 0.572495
439 0.567817
440 0.563088
441 0.55831
442 0.553485
443 0.548615
444 0.543703
445 0.538749
446 0.533758
447 0.52873
448 0.523668
449 0.518574
450 0.513451
451 0.5083
452 0.503123
453 0.497924
454 0.492704
455 0.487466
456 0.482211
457 0.476942
458 0.471661
459 0.466371
460 0.461073
461 0.455769
462 0.450463
463 0.445155
464 0.440816
465 0.437467
466 0.434092
467 0.430691
468 0.427265
469 0.423816
470 0.420346
471 0.416854
472 0.413342
473 0.409811
474 0.406263
475 0.402699
476 0.399119
477 0.395526
478 0.393495
479 0.392185
480 0.390845
481 0.389477
482 0.38808
483 0.386655
484 0.385203
485 0.383724
486 0.382218
487 0.380687
488 0.379129
489 0.377547
490 0.37594
491 0.374308
492 0.372653
493 0.370974
494 0.369272
495 0.367548
496 0.365801
497 0.366916
498 0.368347
499 0.369742
500 0.3711
501 0.37242
502 0.373702
503 0.374946
504 0.37615
505 0.377314
506 0.378437
507 0.37952
508 0.38056
509 0.381559
510 0.382516
511 0.383429
512 0.384299
513 0.385126
514 0.385909
515 0.386647
516 0.387342
517 0.387991
518 0.388596
519 0.389156
520 0.389671
521 0.390141
522 0.390566
523 0.390946
524 0.391281
525 0.39157
526 0.391815
527 0.392015
528 0.392171
529 0.392282
530 0.392349
531 0.392372
532 0.392352
533 0.392288
534 0.392181
535 0.392032
536 0.391841
537 0.391608
538 0.391333
539 0.391018
540 0.390663
541 0.390267
542 0.389833
543 0.389359
544 0.388847
545 0.388298
546 0.387711
547 0.387088
548 0.386429
549 0.385735
550 0.385005
551 0.384242
552 0.383444
553 0.382614
554 0.381751
555 0.380857
556 0.379931
557 0.378974
558 0.377987
559 0.376971
560 0.375926
561 0.374852
562 0.37375
563 0.372621
564 0.371465
565 0.370282
566 0.369073
567 0.367839
568 0.366581
569 0.365297
570 0.363989
571 0.362658
572 0.361304
573 0.359927
574 0.358527
575 0.357105
576 0.355662
577 0.354197
578 0.352712
579 0.351206
580 0.34968
581 0.348134
582 0.346568
583 0.344983
584 0.343379
585 0.341757
586 0.340116
587 0.338458
588 0.336782
589 0.335088
590 0.333378
591 0.331651
592 0.329907
593 0.328147
594 0.326372
595 0.324581
596 0.322775
597 0.320955
598 0.319119
599 0.31727
600 0.315407
601 0.313531
602 0.311641
603 0.309739
604 0.307824
605 0.305897
606 0.303959
607 0.302009
608 0.300049
609 0.298078
610 0.296097
611 0.294106
612 0.292106
613 0.290097
614 0.28808
615 0.286054
616 0.284021
617 0.281981
618 0.279934
619 0.277881
620 0.275822
621 0.273757
622 0.272088
623 0.270413
624 0.26873
625 0.26704
626 0.266307
627 0.266864
628 0.267397
629 0.267906
630 0.26839
631 0.268849
632 0.269283
633 0.269693
634 0.270077
635 0.270437
636 0.270771
637 0.27108
638 0.271363
639 0.271622
640 0.271856
641 0.272064
642 0.272248
643 0.272406
644 0.27254
