0 0 0
1 0 0
0 1 0
1 1 0
0 0 1
1 0 1
0 1 1
1 1 1
0 0 2
1 0 2
0 1 2
1 1 2
0 0 3
1 0 3
0 1 3
1 1 3
0 0 4
1 0 4
0 1 4
1 1 4
0 0 5
1 0 5
0 1 5
1 1 5
-1 -2 6
0 -2 6
-1 -1 6
0 -1 6
0 0 6
1 0 6
0 1 6
1 1 6
0 2 6
1 2 6
-1 -2 7
0 -2 7
-1 -1 7
0 -1 7
0 0 7
1 0 7
0 1 7
1 1 7
0 2 7
1 2 7
-3 -6 8
-2 -6 8
-3 -5 8
-2 -5 8
-3 -4 8
-2 -4 8
-2 -3 8
-1 -3 8
-2 -2 8
-1 -2 8
0 -2 8
-1 -1 8
0 -1 8
-1 0 8
0 0 8
1 0 8
0 1 8
1 1 8
0 2 8
1 2 8
2 2 8
1 3 8
2 3 8
2 4 8
3 4 8
2 5 8
3 5 8
2 6 8
3 6 8
-4 -6 9
-3 -6 9
-2 -6 9
-4 -5 9
-3 -5 9
-2 -5 9
-3 -4 9
-2 -4 9
-3 -3 9
-2 -3 9
-1 -3 9
-2 -2 9
-1 -2 9
0 -2 9
-1 -1 9
0 -1 9
-1 0 9
0 0 9
1 0 9
0 1 9
1 1 9
0 2 9
1 2 9
2 2 9
1 3 9
2 3 9
3 3 9
2 4 9
3 4 9
2 5 9
3 5 9
4 5 9
2 6 9
3 6 9
4 6 9
-5 -10 10
-4 -10 10
-5 -9 10
-4 -9 10
-5 -8 10
-4 -8 10
-3 -8 10
-5 -7 10
-4 -7 10
-3 -7 10
-4 -6 10
-3 -6 10
-4 -5 10
-3 -5 10
-2 -5 10
-3 -4 10
-2 -4 10
-1 -4 10
-3 -3 10
-2 -3 10
-1 -3 10
-2 -2 10
-1 -2 10
0 -2 10
-1 -1 10
0 -1 10
-1 0 10
0 0 10
1 0 10
0 1 10
1 1 10
0 2 10
1 2 10
2 2 10
1 3 10
2 3 10
3 3 10
1 4 10
2 4 10
3 4 10
2 5 10
3 5 10
4 5 10
3 6 10
4 6 10
3 7 10
4 7 10
5 7 10
3 8 10
4 8 10
5 8 10
4 9 10
5 9 10
4 10 10
5 10 10
-7 -12 11
-6 -12 11
-7 -11 11
-6 -11 11
-6 -10 11
-5 -10 11
-4 -10 11
-6 -9 11
-5 -9 11
-4 -9 11
-5 -8 11
-4 -8 11
-3 -8 11
-5 -7 11
-4 -7 11
-3 -7 11
-4 -6 11
-3 -6 11
-2 -6 11
-4 -5 11
-3 -5 11
-2 -5 11
-3 -4 11
-2 -4 11
-1 -4 11
-3 -3 11
-2 -3 11
-1 -3 11
-2 -2 11
-1 -2 11
0 -2 11
-1 -1 11
0 -1 11
-1 0 11
0 0 11
1 0 11
0 1 11
1 1 11
0 2 11
1 2 11
2 2 11
1 3 11
2 3 11
3 3 11
1 4 11
2 4 11
3 4 11
2 5 11
3 5 11
4 5 11
2 6 11
3 6 11
4 6 11
3 7 11
4 7 11
5 7 11
3 8 11
4 8 11
5 8 11
4 9 11
5 9 11
6 9 11
4 10 11
5 10 11
6 10 11
6 11 11
7 11 11
6 12 11
7 12 11
-7 -12 12
-6 -12 12
-7 -11 12
-6 -11 12
-5 -11 12
-7 -10 12
-6 -10 12
-5 -10 12
-6 -9 12
-5 -9 12
-4 -9 12
-5 -8 12
-4 -8 12
-5 -7 12
-4 -7 12
-3 -7 12
-4 -6 12
-3 -6 12
-2 -6 12
-4 -5 12
-3 -5 12
-2 -5 12
-3 -4 12
-2 -4 12
-1 -4 12
-3 -3 12
-2 -3 12
-1 -3 12
-2 -2 12
-1 -2 12
0 -2 12
-2 -1 12
-1 -1 12
0 -1 12
1 -1 12
-1 0 12
0 0 12
1 0 12
-1 1 12
0 1 12
1 1 12
2 1 12
0 2 12
1 2 12
2 2 12
1 3 12
2 3 12
3 3 12
1 4 12
2 4 12
3 4 12
2 5 12
3 5 12
4 5 12
2 6 12
3 6 12
4 6 12
3 7 12
4 7 12
5 7 12
4 8 12
5 8 12
4 9 12
5 9 12
6 9 12
5 10 12
6 10 12
7 10 12
5 11 12
6 11 12
7 11 12
6 12 12
7 12 12
-8 -14 13
-7 -14 13
-8 -13 13
-7 -13 13
-6 -13 13
-8 -12 13
-7 -12 13
-6 -12 13
-7 -11 13
-6 -11 13
-5 -11 13
-7 -10 13
-6 -10 13
-5 -10 13
-6 -9 13
-5 -9 13
-4 -9 13
-6 -8 13
-5 -8 13
-4 -8 13
-5 -7 13
-4 -7 13
-3 -7 13
-4 -6 13
-3 -6 13
-4 -5 13
-3 -5 13
-2 -5 13
-3 -4 13
-2 -4 13
-1 -4 13
-3 -3 13
-2 -3 13
-1 -3 13
-2 -2 13
-1 -2 13
0 -2 13
-2 -1 13
-1 -1 13
0 -1 13
1 -1 13
-1 0 13
0 0 13
1 0 13
-1 1 13
0 1 13
1 1 13
2 1 13
0 2 13
1 2 13
2 2 13
1 3 13
2 3 13
3 3 13
1 4 13
2 4 13
3 4 13
2 5 13
3 5 13
4 5 13
3 6 13
4 6 13
3 7 13
4 7 13
5 7 13
4 8 13
5 8 13
6 8 13
4 9 13
5 9 13
6 9 13
5 10 13
6 10 13
7 10 13
5 11 13
6 11 13
7 11 13
6 12 13
7 12 13
8 12 13
6 13 13
7 13 13
8 13 13
7 14 13
8 14 13
-9 -16 14
-8 -16 14
-9 -15 14
-8 -15 14
-9 -14 14
-8 -14 14
-7 -14 14
-8 -13 14
-7 -13 14
-6 -13 14
-8 -12 14
-7 -12 14
-6 -12 14
-7 -11 14
-6 -11 14
-5 -11 14
-7 -10 14
-6 -10 14
-5 -10 14
-6 -9 14
-5 -9 14
-4 -9 14
-6 -8 14
-5 -8 14
-4 -8 14
-5 -7 14
-4 -7 14
-3 -7 14
-5 -6 14
-4 -6 14
-3 -6 14
-4 -5 14
-3 -5 14
-2 -5 14
-3 -4 14
-2 -4 14
-1 -4 14
-2 -3 14
-1 -3 14
-2 -2 14
-1 -2 14
0 -2 14
-1 -1 14
0 -1 14
-1 0 14
0 0 14
1 0 14
0 1 14
1 1 14
0 2 14
1 2 14
2 2 14
1 3 14
2 3 14
1 4 14
2 4 14
3 4 14
2 5 14
3 5 14
4 5 14
3 6 14
4 6 14
5 6 14
3 7 14
4 7 14
5 7 14
4 8 14
5 8 14
6 8 14
4 9 14
5 9 14
6 9 14
5 10 14
6 10 14
7 10 14
5 11 14
6 11 14
7 11 14
6 12 14
7 12 14
8 12 14
6 13 14
7 13 14
8 13 14
7 14 14
8 14 14
9 14 14
8 15 14
9 15 14
8 16 14
9 16 14
-9 -16 15
-8 -16 15
-9 -15 15
-8 -15 15
-9 -14 15
-8 -14 15
-7 -14 15
-8 -13 15
-7 -13 15
-8 -12 15
-7 -12 15
-6 -12 15
-7 -11 15
-6 -11 15
-7 -10 15
-6 -10 15
-5 -10 15
-6 -9 15
-5 -9 15
-4 -9 15
-6 -8 15
-5 -8 15
-4 -8 15
-5 -7 15
-4 -7 15
-3 -7 15
-5 -6 15
-4 -6 15
-3 -6 15
-4 -5 15
-3 -5 15
-2 -5 15
-3 -4 15
-2 -4 15
-3 -3 15
-2 -3 15
-1 -3 15
-2 -2 15
-1 -2 15
0 -2 15
-1 -1 15
0 -1 15
-1 0 15
0 0 15
1 0 15
0 1 15
1 1 15
0 2 15
1 2 15
2 2 15
1 3 15
2 3 15
3 3 15
2 4 15
3 4 15
2 5 15
3 5 15
4 5 15
3 6 15
4 6 15
5 6 15
3 7 15
4 7 15
5 7 15
4 8 15
5 8 15
6 8 15
4 9 15
5 9 15
6 9 15
5 10 15
6 10 15
7 10 15
6 11 15
7 11 15
6 12 15
7 12 15
8 12 15
7 13 15
8 13 15
7 14 15
8 14 15
9 14 15
8 15 15
9 15 15
8 16 15
9 16 15
-9 -15 16
-8 -15 16
-9 -14 16
-8 -14 16
-9 -13 16
-8 -13 16
-7 -13 16
-8 -12 16
-7 -12 16
-6 -12 16
-8 -11 16
-7 -11 16
-6 -11 16
-7 -10 16
-6 -10 16
-5 -10 16
-7 -9 16
-6 -9 16
-5 -9 16
-6 -8 16
-5 -8 16
-4 -8 16
-5 -7 16
-4 -7 16
-3 -7 16
-5 -6 16
-4 -6 16
-3 -6 16
-4 -5 16
-3 -5 16
-2 -5 16
-3 -4 16
-2 -4 16
-3 -3 16
-2 -3 16
-1 -3 16
-2 -2 16
-1 -2 16
0 -2 16
-2 -1 16
-1 -1 16
0 -1 16
-1 0 16
0 0 16
1 0 16
0 1 16
1 1 16
2 1 16
0 2 16
1 2 16
2 2 16
1 3 16
2 3 16
3 3 16
2 4 16
3 4 16
2 5 16
3 5 16
4 5 16
3 6 16
4 6 16
5 6 16
3 7 16
4 7 16
5 7 16
4 8 16
5 8 16
6 8 16
5 9 16
6 9 16
7 9 16
5 10 16
6 10 16
7 10 16
6 11 16
7 11 16
8 11 16
6 12 16
7 12 16
8 12 16
7 13 16
8 13 16
9 13 16
8 14 16
9 14 16
8 15 16
9 15 16
-10 -16 17
-9 -16 17
-10 -15 17
-9 -15 17
-8 -15 17
-9 -14 17
-8 -14 17
-9 -13 17
-8 -13 17
-7 -13 17
-8 -12 17
-7 -12 17
-6 -12 17
-8 -11 17
-7 -11 17
-6 -11 17
-7 -10 17
-6 -10 17
-5 -10 17
-7 -9 17
-6 -9 17
-5 -9 17
-6 -8 17
-5 -8 17
-4 -8 17
-6 -7 17
-5 -7 17
-4 -7 17
-3 -7 17
-5 -6 17
-4 -6 17
-3 -6 17
-4 -5 17
-3 -5 17
-2 -5 17
-4 -4 17
-3 -4 17
-2 -4 17
-3 -3 17
-2 -3 17
-2 -2 17
-1 -2 17
0 -2 17
-2 -1 17
-1 -1 17
0 -1 17
-1 0 17
0 0 17
1 0 17
0 1 17
1 1 17
2 1 17
0 2 17
1 2 17
2 2 17
2 3 17
3 3 17
2 4 17
3 4 17
4 4 17
2 5 17
3 5 17
4 5 17
3 6 17
4 6 17
5 6 17
3 7 17
4 7 17
5 7 17
6 7 17
4 8 17
5 8 17
6 8 17
5 9 17
6 9 17
7 9 17
5 10 17
6 10 17
7 10 17
6 11 17
7 11 17
8 11 17
6 12 17
7 12 17
8 12 17
7 13 17
8 13 17
9 13 17
8 14 17
9 14 17
8 15 17
9 15 17
10 15 17
9 16 17
10 16 17
-10 -17 18
-9 -17 18
-10 -16 18
-9 -16 18
-10 -15 18
-9 -15 18
-8 -15 18
-10 -14 18
-9 -14 18
-8 -14 18
-9 -13 18
-8 -13 18
-7 -13 18
-9 -12 18
-8 -12 18
-7 -12 18
-6 -12 18
-8 -11 18
-7 -11 18
-6 -11 18
-8 -10 18
-7 -10 18
-6 -10 18
-7 -9 18
-6 -9 18
-5 -9 18
-6 -8 18
-5 -8 18
-4 -8 18
-6 -7 18
-5 -7 18
-4 -7 18
-5 -6 18
-4 -6 18
-3 -6 18
-4 -5 18
-3 -5 18
-2 -5 18
-4 -4 18
-3 -4 18
-2 -4 18
-2 -2 18
-1 -2 18
0 -2 18
-2 -1 18
-1 -1 18
0 -1 18
-1 0 18
0 0 18
1 0 18
0 1 18
1 1 18
2 1 18
0 2 18
1 2 18
2 2 18
2 4 18
3 4 18
4 4 18
2 5 18
3 5 18
4 5 18
3 6 18
4 6 18
5 6 18
4 7 18
5 7 18
6 7 18
4 8 18
5 8 18
6 8 18
5 9 18
6 9 18
7 9 18
6 10 18
7 10 18
8 10 18
6 11 18
7 11 18
8 11 18
6 12 18
7 12 18
8 12 18
9 12 18
7 13 18
8 13 18
9 13 18
8 14 18
9 14 18
10 14 18
8 15 18
9 15 18
10 15 18
9 16 18
10 16 18
9 17 18
10 17 18
-10 -17 19
-9 -17 19
-10 -16 19
-9 -16 19
-10 -15 19
-9 -15 19
-8 -15 19
-10 -14 19
-9 -14 19
-8 -14 19
-9 -13 19
-8 -13 19
-7 -13 19
-9 -12 19
-8 -12 19
-7 -12 19
-8 -11 19
-7 -11 19
-6 -11 19
-8 -10 19
-7 -10 19
-6 -10 19
-7 -9 19
-6 -9 19
-5 -9 19
-6 -8 19
-5 -8 19
-4 -8 19
-6 -7 19
-5 -7 19
-4 -7 19
-5 -6 19
-4 -6 19
-3 -6 19
-4 -5 19
-3 -5 19
-2 -5 19
-3 -4 19
-2 -4 19
-3 -3 19
-2 -3 19
-3 -2 19
-2 -2 19
-1 -2 19
0 -2 19
-1 -1 19
0 -1 19
1 -1 19
-1 0 19
0 0 19
1 0 19
-1 1 19
0 1 19
1 1 19
0 2 19
1 2 19
2 2 19
3 2 19
2 3 19
3 3 19
2 4 19
3 4 19
2 5 19
3 5 19
4 5 19
3 6 19
4 6 19
5 6 19
4 7 19
5 7 19
6 7 19
4 8 19
5 8 19
6 8 19
5 9 19
6 9 19
7 9 19
6 10 19
7 10 19
8 10 19
6 11 19
7 11 19
8 11 19
7 12 19
8 12 19
9 12 19
7 13 19
8 13 19
9 13 19
8 14 19
9 14 19
10 14 19
8 15 19
9 15 19
10 15 19
9 16 19
10 16 19
9 17 19
10 17 19
-10 -16 20
-9 -16 20
-10 -15 20
-9 -15 20
-8 -15 20
-10 -14 20
-9 -14 20
-8 -14 20
-10 -13 20
-9 -13 20
-8 -13 20
-7 -13 20
-9 -12 20
-8 -12 20
-7 -12 20
-8 -11 20
-7 -11 20
-6 -11 20
-8 -10 20
-7 -10 20
-6 -10 20
-7 -9 20
-6 -9 20
-5 -9 20
-7 -8 20
-6 -8 20
-5 -8 20
-6 -7 20
-5 -7 20
-4 -7 20
-6 -6 20
-5 -6 20
-4 -6 20
-3 -6 20
-5 -5 20
-4 -5 20
-3 -5 20
-4 -4 20
-3 -4 20
-2 -4 20
-4 -3 20
-3 -3 20
-2 -3 20
-3 -2 20
-2 -2 20
-1 -2 20
-2 -1 20
-1 -1 20
0 -1 20
1 -1 20
-1 0 20
0 0 20
1 0 20
-1 1 20
0 1 20
1 1 20
2 1 20
1 2 20
2 2 20
3 2 20
2 3 20
3 3 20
4 3 20
2 4 20
3 4 20
4 4 20
3 5 20
4 5 20
5 5 20
3 6 20
4 6 20
5 6 20
6 6 20
4 7 20
5 7 20
6 7 20
5 8 20
6 8 20
7 8 20
5 9 20
6 9 20
7 9 20
6 10 20
7 10 20
8 10 20
6 11 20
7 11 20
8 11 20
7 12 20
8 12 20
9 12 20
7 13 20
8 13 20
9 13 20
10 13 20
8 14 20
9 14 20
10 14 20
8 15 20
9 15 20
10 15 20
9 16 20
10 16 20
-12 -19 21
-11 -19 21
-12 -18 21
-11 -18 21
-11 -16 21
-10 -16 21
-9 -16 21
-11 -15 21
-10 -15 21
-9 -15 21
-10 -14 21
-9 -14 21
-8 -14 21
-10 -13 21
-9 -13 21
-8 -13 21
-9 -12 21
-8 -12 21
-7 -12 21
-9 -11 21
-8 -11 21
-7 -11 21
-8 -10 21
-7 -10 21
-6 -10 21
-8 -9 21
-7 -9 21
-6 -9 21
-5 -9 21
-7 -8 21
-6 -8 21
-5 -8 21
-6 -7 21
-5 -7 21
-4 -7 21
-6 -6 21
-5 -6 21
-4 -6 21
-5 -5 21
-4 -5 21
-3 -5 21
-5 -4 21
-4 -4 21
-3 -4 21
-2 -4 21
-4 -3 21
-3 -3 21
-2 -3 21
-1 -3 21
-3 -2 21
-2 -2 21
-1 -2 21
0 -2 21
-2 -1 21
-1 -1 21
0 -1 21
-1 0 21
0 0 21
1 0 21
0 1 21
1 1 21
2 1 21
0 2 21
1 2 21
2 2 21
3 2 21
1 3 21
2 3 21
3 3 21
4 3 21
2 4 21
3 4 21
4 4 21
5 4 21
3 5 21
4 5 21
5 5 21
4 6 21
5 6 21
6 6 21
4 7 21
5 7 21
6 7 21
5 8 21
6 8 21
7 8 21
5 9 21
6 9 21
7 9 21
8 9 21
6 10 21
7 10 21
8 10 21
7 11 21
8 11 21
9 11 21
7 12 21
8 12 21
9 12 21
8 13 21
9 13 21
10 13 21
8 14 21
9 14 21
10 14 21
9 15 21
10 15 21
11 15 21
9 16 21
10 16 21
11 16 21
11 18 21
12 18 21
11 19 21
12 19 21
-12 -19 22
-11 -19 22
-12 -18 22
-11 -18 22
-12 -17 22
-11 -17 22
-10 -17 22
-12 -16 22
-11 -16 22
-10 -16 22
-9 -16 22
-11 -15 22
-10 -15 22
-9 -15 22
-11 -14 22
-10 -14 22
-9 -14 22
-8 -14 22
-10 -13 22
-9 -13 22
-8 -13 22
-9 -12 22
-8 -12 22
-7 -12 22
-9 -11 22
-8 -11 22
-7 -11 22
-8 -10 22
-7 -10 22
-6 -10 22
-8 -9 22
-7 -9 22
-6 -9 22
-7 -8 22
-6 -8 22
-5 -8 22
-7 -7 22
-6 -7 22
-5 -7 22
-6 -6 22
-5 -6 22
-4 -6 22
-5 -5 22
-4 -5 22
-3 -5 22
-5 -4 22
-4 -4 22
-3 -4 22
-2 -4 22
-4 -3 22
-3 -3 22
-2 -3 22
-1 -3 22
-3 -2 22
-2 -2 22
-1 -2 22
0 -2 22
-2 -1 22
-1 -1 22
0 -1 22
0 1 22
1 1 22
2 1 22
0 2 22
1 2 22
2 2 22
3 2 22
1 3 22
2 3 22
3 3 22
4 3 22
2 4 22
3 4 22
4 4 22
5 4 22
3 5 22
4 5 22
5 5 22
4 6 22
5 6 22
6 6 22
5 7 22
6 7 22
7 7 22
5 8 22
6 8 22
7 8 22
6 9 22
7 9 22
8 9 22
6 10 22
7 10 22
8 10 22
7 11 22
8 11 22
9 11 22
7 12 22
8 12 22
9 12 22
8 13 22
9 13 22
10 13 22
8 14 22
9 14 22
10 14 22
11 14 22
9 15 22
10 15 22
11 15 22
9 16 22
10 16 22
11 16 22
12 16 22
10 17 22
11 17 22
12 17 22
11 18 22
12 18 22
11 19 22
12 19 22
-12 -17 23
-11 -17 23
-10 -17 23
-12 -16 23
-11 -16 23
-10 -16 23
-11 -15 23
-10 -15 23
-9 -15 23
-11 -14 23
-10 -14 23
-9 -14 23
-10 -13 23
-9 -13 23
-8 -13 23
-10 -12 23
-9 -12 23
-8 -12 23
-9 -11 23
-8 -11 23
-7 -11 23
-9 -10 23
-8 -10 23
-7 -10 23
-8 -9 23
-7 -9 23
-6 -9 23
-7 -8 23
-6 -8 23
-5 -8 23
-7 -7 23
-6 -7 23
-5 -7 23
-6 -6 23
-5 -6 23
-4 -6 23
-6 -5 23
-5 -5 23
-4 -5 23
-5 -4 23
-4 -4 23
-3 -4 23
-4 -3 23
-3 -3 23
-2 -3 23
-1 -3 23
-4 -2 23
-3 -2 23
-2 -2 23
-1 -2 23
0 -2 23
-3 -1 23
-2 -1 23
-1 -1 23
0 -1 23
1 -1 23
-1 0 23
0 0 23
1 0 23
-1 1 23
0 1 23
1 1 23
2 1 23
3 1 23
0 2 23
1 2 23
2 2 23
3 2 23
4 2 23
1 3 23
2 3 23
3 3 23
4 3 23
3 4 23
4 4 23
5 4 23
4 5 23
5 5 23
6 5 23
4 6 23
5 6 23
6 6 23
5 7 23
6 7 23
7 7 23
5 8 23
6 8 23
7 8 23
6 9 23
7 9 23
8 9 23
7 10 23
8 10 23
9 10 23
7 11 23
8 11 23
9 11 23
8 12 23
9 12 23
10 12 23
8 13 23
9 13 23
10 13 23
9 14 23
10 14 23
11 14 23
9 15 23
10 15 23
11 15 23
10 16 23
11 16 23
12 16 23
10 17 23
11 17 23
12 17 23
-13 -19 24
-12 -19 24
-13 -18 24
-12 -18 24
-13 -17 24
-12 -17 24
-11 -17 24
-12 -16 24
-11 -16 24
-10 -16 24
-12 -15 24
-11 -15 24
-10 -15 24
-9 -15 24
-11 -14 24
-10 -14 24
-9 -14 24
-11 -13 24
-10 -13 24
-9 -13 24
-8 -13 24
-10 -12 24
-9 -12 24
-8 -12 24
-10 -11 24
-9 -11 24
-8 -11 24
-7 -11 24
-9 -10 24
-8 -10 24
-7 -10 24
-8 -9 24
-7 -9 24
-6 -9 24
-7 -8 24
-6 -8 24
-7 -7 24
-6 -7 24
-7 -6 24
-6 -6 24
-5 -6 24
-4 -6 24
-6 -5 24
-5 -5 24
-4 -5 24
-5 -4 24
-4 -4 24
-3 -4 24
-5 -3 24
-4 -3 24
-3 -3 24
-2 -3 24
-4 -2 24
-3 -2 24
-2 -2 24
-1 -2 24
0 -2 24
1 -2 24
-3 -1 24
-2 -1 24
-1 -1 24
0 -1 24
1 -1 24
-1 0 24
0 0 24
1 0 24
-1 1 24
0 1 24
1 1 24
2 1 24
3 1 24
-1 2 24
0 2 24
1 2 24
2 2 24
3 2 24
4 2 24
2 3 24
3 3 24
4 3 24
5 3 24
3 4 24
4 4 24
5 4 24
4 5 24
5 5 24
6 5 24
4 6 24
5 6 24
6 6 24
7 6 24
6 7 24
7 7 24
6 8 24
7 8 24
6 9 24
7 9 24
8 9 24
7 10 24
8 10 24
9 10 24
7 11 24
8 11 24
9 11 24
10 11 24
8 12 24
9 12 24
10 12 24
8 13 24
9 13 24
10 13 24
11 13 24
9 14 24
10 14 24
11 14 24
9 15 24
10 15 24
11 15 24
12 15 24
10 16 24
11 16 24
12 16 24
11 17 24
12 17 24
13 17 24
12 18 24
13 18 24
12 19 24
13 19 24
-13 -19 25
-12 -19 25
-13 -18 25
-12 -18 25
-13 -17 25
-12 -17 25
-11 -17 25
-12 -16 25
-11 -16 25
-10 -16 25
-12 -15 25
-11 -15 25
-10 -15 25
-11 -14 25
-10 -14 25
-9 -14 25
-11 -13 25
-10 -13 25
-9 -13 25
-10 -12 25
-9 -12 25
-8 -12 25
-10 -11 25
-9 -11 25
-8 -11 25
-9 -10 25
-8 -10 25
-7 -10 25
-9 -9 25
-8 -9 25
-7 -9 25
-8 -8 25
-7 -8 25
-6 -8 25
-7 -7 25
-6 -7 25
-5 -7 25
-7 -6 25
-6 -6 25
-5 -6 25
-4 -6 25
-3 -6 25
-6 -5 25
-5 -5 25
-4 -5 25
-3 -5 25
-2 -5 25
-5 -4 25
-4 -4 25
-3 -4 25
-2 -4 25
-5 -3 25
-4 -3 25
-3 -3 25
-1 -3 25
0 -3 25
-4 -2 25
-3 -2 25
-1 -2 25
0 -2 25
1 -2 25
-4 -1 25
-3 -1 25
0 -1 25
1 -1 25
-1 1 25
0 1 25
3 1 25
4 1 25
-1 2 25
0 2 25
1 2 25
3 2 25
4 2 25
0 3 25
1 3 25
3 3 25
4 3 25
5 3 25
2 4 25
3 4 25
4 4 25
5 4 25
2 5 25
3 5 25
4 5 25
5 5 25
6 5 25
3 6 25
4 6 25
5 6 25
6 6 25
7 6 25
5 7 25
6 7 25
7 7 25
6 8 25
7 8 25
8 8 25
7 9 25
8 9 25
9 9 25
7 10 25
8 10 25
9 10 25
8 11 25
9 11 25
10 11 25
8 12 25
9 12 25
10 12 25
9 13 25
10 13 25
11 13 25
9 14 25
10 14 25
11 14 25
10 15 25
11 15 25
12 15 25
10 16 25
11 16 25
12 16 25
11 17 25
12 17 25
13 17 25
12 18 25
13 18 25
12 19 25
13 19 25
-13 -18 26
-12 -18 26
-13 -17 26
-12 -17 26
-11 -17 26
-12 -16 26
-11 -16 26
-10 -16 26
-12 -15 26
-11 -15 26
-10 -15 26
-12 -14 26
-11 -14 26
-10 -14 26
-9 -14 26
-11 -13 26
-10 -13 26
-9 -13 26
-11 -12 26
-10 -12 26
-9 -12 26
-10 -11 26
-9 -11 26
-8 -11 26
-10 -10 26
-9 -10 26
-8 -10 26
-7 -10 26
-9 -9 26
-8 -9 26
-7 -9 26
-8 -8 26
-7 -8 26
-6 -8 26
-8 -7 26
-7 -7 26
-6 -7 26
-5 -7 26
-7 -6 26
-6 -6 26
-5 -6 26
-4 -6 26
-3 -6 26
-7 -5 26
-6 -5 26
-5 -5 26
-4 -5 26
-3 -5 26
-2 -5 26
-6 -4 26
-5 -4 26
-4 -4 26
-3 -4 26
-2 -4 26
-5 -3 26
-4 -3 26
-3 -3 26
-1 -3 26
0 -3 26
-4 -2 26
-3 -2 26
-1 -2 26
0 -2 26
-4 -1 26
-3 -1 26
-2 -1 26
1 -1 26
2 -1 26
3 -1 26
-3 0 26
-2 0 26
-1 0 26
1 0 26
2 0 26
3 0 26
-3 1 26
-2 1 26
-1 1 26
2 1 26
3 1 26
4 1 26
0 2 26
1 2 26
3 2 26
4 2 26
0 3 26
1 3 26
3 3 26
4 3 26
5 3 26
2 4 26
3 4 26
4 4 26
5 4 26
6 4 26
2 5 26
3 5 26
4 5 26
5 5 26
6 5 26
7 5 26
3 6 26
4 6 26
5 6 26
6 6 26
7 6 26
5 7 26
6 7 26
7 7 26
8 7 26
6 8 26
7 8 26
8 8 26
7 9 26
8 9 26
9 9 26
7 10 26
8 10 26
9 10 26
10 10 26
8 11 26
9 11 26
10 11 26
9 12 26
10 12 26
11 12 26
9 13 26
10 13 26
11 13 26
9 14 26
10 14 26
11 14 26
12 14 26
10 15 26
11 15 26
12 15 26
10 16 26
11 16 26
12 16 26
11 17 26
12 17 26
13 17 26
12 18 26
13 18 26
-13 -18 27
-12 -18 27
-13 -17 27
-12 -17 27
-11 -17 27
-12 -16 27
-11 -16 27
-12 -15 27
-11 -15 27
-10 -15 27
-12 -14 27
-11 -14 27
-10 -14 27
-12 -13 27
-11 -13 27
-10 -13 27
-9 -13 27
-11 -12 27
-10 -12 27
-9 -12 27
-11 -11 27
-10 -11 27
-9 -11 27
-8 -11 27
-10 -10 27
-9 -10 27
-8 -10 27
-9 -9 27
-8 -9 27
-7 -9 27
-9 -8 27
-8 -8 27
-7 -8 27
-8 -7 27
-7 -7 27
-6 -7 27
-8 -6 27
-7 -6 27
-6 -6 27
-5 -6 27
-7 -5 27
-6 -5 27
-5 -5 27
-6 -4 27
-5 -4 27
-4 -4 27
-6 -3 27
-5 -3 27
-4 -3 27
-3 -3 27
0 -3 27
1 -3 27
-5 -2 27
-4 -2 27
-3 -2 27
0 -2 27
1 -2 27
2 -2 27
-5 -1 27
-4 -1 27
-3 -1 27
-2 -1 27
1 -1 27
2 -1 27
3 -1 27
-4 0 27
-3 0 27
-2 0 27
-1 0 27
1 0 27
2 0 27
3 0 27
4 0 27
-3 1 27
-2 1 27
-1 1 27
2 1 27
3 1 27
4 1 27
5 1 27
-2 2 27
-1 2 27
0 2 27
3 2 27
4 2 27
5 2 27
-1 3 27
0 3 27
3 3 27
4 3 27
5 3 27
6 3 27
4 4 27
5 4 27
6 4 27
5 5 27
6 5 27
7 5 27
5 6 27
6 6 27
7 6 27
8 6 27
6 7 27
7 7 27
8 7 27
7 8 27
8 8 27
9 8 27
7 9 27
8 9 27
9 9 27
8 10 27
9 10 27
10 10 27
8 11 27
9 11 27
10 11 27
11 11 27
9 12 27
10 12 27
11 12 27
9 13 27
10 13 27
11 13 27
12 13 27
10 14 27
11 14 27
12 14 27
10 15 27
11 15 27
12 15 27
11 16 27
12 16 27
11 17 27
12 17 27
13 17 27
12 18 27
13 18 27
-14 -19 28
-13 -19 28
-14 -18 28
-13 -18 28
-12 -18 28
-14 -17 28
-13 -17 28
-12 -17 28
-13 -16 28
-12 -16 28
-11 -16 28
-13 -15 28
-12 -15 28
-11 -15 28
-13 -14 28
-12 -14 28
-11 -14 28
-10 -14 28
-12 -13 28
-11 -13 28
-10 -13 28
-11 -12 28
-10 -12 28
-9 -12 28
-11 -11 28
-10 -11 28
-9 -11 28
-11 -10 28
-10 -10 28
-9 -10 28
-8 -10 28
-10 -9 28
-9 -9 28
-8 -9 28
-7 -9 28
-9 -8 28
-8 -8 28
-7 -8 28
-9 -7 28
-8 -7 28
-7 -7 28
-6 -7 28
-8 -6 28
-7 -6 28
-6 -6 28
-8 -5 28
-7 -5 28
-6 -5 28
-5 -5 28
-7 -4 28
-6 -4 28
-5 -4 28
-6 -3 28
-5 -3 28
-4 -3 28
0 -3 28
1 -3 28
2 -3 28
-5 -2 28
-4 -2 28
0 -2 28
1 -2 28
2 -2 28
-5 -1 28
-4 -1 28
-3 -1 28
-2 -1 28
1 -1 28
2 -1 28
3 -1 28
-4 0 28
-3 0 28
-2 0 28
2 0 28
3 0 28
4 0 28
-3 1 28
-2 1 28
-1 1 28
2 1 28
3 1 28
4 1 28
5 1 28
-2 2 28
-1 2 28
0 2 28
4 2 28
5 2 28
-2 3 28
-1 3 28
0 3 28
4 3 28
5 3 28
6 3 28
5 4 28
6 4 28
7 4 28
5 5 28
6 5 28
7 5 28
8 5 28
6 6 28
7 6 28
8 6 28
6 7 28
7 7 28
8 7 28
9 7 28
7 8 28
8 8 28
9 8 28
7 9 28
8 9 28
9 9 28
10 9 28
8 10 28
9 10 28
10 10 28
11 10 28
9 11 28
10 11 28
11 11 28
9 12 28
10 12 28
11 12 28
10 13 28
11 13 28
12 13 28
10 14 28
11 14 28
12 14 28
13 14 28
11 15 28
12 15 28
13 15 28
11 16 28
12 16 28
13 16 28
12 17 28
13 17 28
14 17 28
12 18 28
13 18 28
14 18 28
13 19 28
14 19 28
-14 -19 29
-13 -19 29
-14 -18 29
-13 -18 29
-14 -17 29
-13 -17 29
-12 -17 29
-13 -16 29
-12 -16 29
-13 -15 29
-12 -15 29
-11 -15 29
-13 -14 29
-12 -14 29
-11 -14 29
-10 -14 29
-12 -13 29
-11 -13 29
-10 -13 29
-12 -12 29
-11 -12 29
-10 -12 29
-11 -11 29
-10 -11 29
-9 -11 29
-11 -10 29
-10 -10 29
-9 -10 29
-8 -10 29
-10 -9 29
-9 -9 29
-8 -9 29
-10 -8 29
-9 -8 29
-8 -8 29
-7 -8 29
-9 -7 29
-8 -7 29
-7 -7 29
-9 -6 29
-8 -6 29
-7 -6 29
-8 -5 29
-7 -5 29
-6 -5 29
-5 -5 29
-8 -4 29
-7 -4 29
-6 -4 29
-5 -4 29
0 -4 29
1 -4 29
-7 -3 29
-6 -3 29
-5 -3 29
0 -3 29
1 -3 29
2 -3 29
-6 -2 29
-5 -2 29
-4 -2 29
1 -2 29
2 -2 29
-6 -1 29
-5 -1 29
-4 -1 29
-3 -1 29
2 -1 29
3 -1 29
4 -1 29
-4 0 29
-3 0 29
-2 0 29
2 0 29
3 0 29
4 0 29
-4 1 29
-3 1 29
-2 1 29
3 1 29
4 1 29
5 1 29
6 1 29
-2 2 29
-1 2 29
4 2 29
5 2 29
6 2 29
-2 3 29
-1 3 29
0 3 29
5 3 29
6 3 29
7 3 29
-1 4 29
0 4 29
5 4 29
6 4 29
7 4 29
8 4 29
5 5 29
6 5 29
7 5 29
8 5 29
7 6 29
8 6 29
9 6 29
7 7 29
8 7 29
9 7 29
7 8 29
8 8 29
9 8 29
10 8 29
8 9 29
9 9 29
10 9 29
8 10 29
9 10 29
10 10 29
11 10 29
9 11 29
10 11 29
11 11 29
10 12 29
11 12 29
12 12 29
10 13 29
11 13 29
12 13 29
10 14 29
11 14 29
12 14 29
13 14 29
11 15 29
12 15 29
13 15 29
12 16 29
13 16 29
12 17 29
13 17 29
14 17 29
13 18 29
14 18 29
13 19 29
14 19 29
-14 -18 30
-13 -18 30
-14 -17 30
-13 -17 30
-14 -16 30
-13 -16 30
-12 -16 30
-13 -15 30
-12 -15 30
-11 -15 30
-13 -14 30
-12 -14 30
-11 -14 30
-12 -13 30
-11 -13 30
-10 -13 30
-12 -12 30
-11 -12 30
-10 -12 30
-12 -11 30
-11 -11 30
-10 -11 30
-9 -11 30
-11 -10 30
-10 -10 30
-9 -10 30
-11 -9 30
-10 -9 30
-9 -9 30
-8 -9 30
-10 -8 30
-9 -8 30
-8 -8 30
-10 -7 30
-9 -7 30
-8 -7 30
-7 -7 30
-9 -6 30
-8 -6 30
-7 -6 30
-8 -5 30
-7 -5 30
-6 -5 30
0 -5 30
1 -5 30
-8 -4 30
-7 -4 30
-6 -4 30
-5 -4 30
0 -4 30
1 -4 30
-7 -3 30
-6 -3 30
-5 -3 30
0 -3 30
1 -3 30
2 -3 30
-7 -2 30
-6 -2 30
-5 -2 30
1 -2 30
2 -2 30
-6 -1 30
-5 -1 30
-4 -1 30
3 -1 30
4 -1 30
5 -1 30
-5 0 30
-4 0 30
-3 0 30
3 0 30
4 0 30
5 0 30
-5 1 30
-4 1 30
-3 1 30
4 1 30
5 1 30
6 1 30
-2 2 30
-1 2 30
5 2 30
6 2 30
7 2 30
-2 3 30
-1 3 30
0 3 30
5 3 30
6 3 30
7 3 30
-1 4 30
0 4 30
5 4 30
6 4 30
7 4 30
8 4 30
-1 5 30
0 5 30
6 5 30
7 5 30
8 5 30
7 6 30
8 6 30
9 6 30
7 7 30
8 7 30
9 7 30
10 7 30
8 8 30
9 8 30
10 8 30
8 9 30
9 9 30
10 9 30
11 9 30
9 10 30
10 10 30
11 10 30
9 11 30
10 11 30
11 11 30
12 11 30
10 12 30
11 12 30
12 12 30
10 13 30
11 13 30
12 13 30
11 14 30
12 14 30
13 14 30
11 15 30
12 15 30
13 15 30
12 16 30
13 16 30
14 16 30
13 17 30
14 17 30
13 18 30
14 18 30
-14 -17 31
-13 -17 31
-14 -16 31
-13 -16 31
-12 -16 31
-14 -15 31
-13 -15 31
-12 -15 31
-13 -14 31
-12 -14 31
-11 -14 31
-13 -13 31
-12 -13 31
-11 -13 31
-12 -12 31
-11 -12 31
-10 -12 31
-12 -11 31
-11 -11 31
-10 -11 31
-12 -10 31
-11 -10 31
-10 -10 31
-9 -10 31
-11 -9 31
-10 -9 31
-9 -9 31
-11 -8 31
-10 -8 31
-9 -8 31
-8 -8 31
-10 -7 31
-9 -7 31
-8 -7 31
-7 -7 31
-9 -6 31
-8 -6 31
-7 -6 31
-9 -5 31
-8 -5 31
-7 -5 31
0 -5 31
1 -5 31
-9 -4 31
-8 -4 31
-7 -4 31
-6 -4 31
0 -4 31
1 -4 31
2 -4 31
3 -4 31
-8 -3 31
-7 -3 31
-6 -3 31
-5 -3 31
2 -3 31
3 -3 31
-7 -2 31
-6 -2 31
-5 -2 31
-7 -1 31
-6 -1 31
-5 -1 31
-4 -1 31
4 -1 31
5 -1 31
-6 0 31
-5 0 31
-4 0 31
4 0 31
5 0 31
6 0 31
-5 1 31
-4 1 31
4 1 31
5 1 31
6 1 31
7 1 31
5 2 31
6 2 31
7 2 31
-3 3 31
-2 3 31
5 3 31
6 3 31
7 3 31
8 3 31
-3 4 31
-2 4 31
-1 4 31
0 4 31
6 4 31
7 4 31
8 4 31
9 4 31
-1 5 31
0 5 31
7 5 31
8 5 31
9 5 31
7 6 31
8 6 31
9 6 31
7 7 31
8 7 31
9 7 31
10 7 31
8 8 31
9 8 31
10 8 31
11 8 31
9 9 31
10 9 31
11 9 31
9 10 31
10 10 31
11 10 31
12 10 31
10 11 31
11 11 31
12 11 31
10 12 31
11 12 31
12 12 31
11 13 31
12 13 31
13 13 31
11 14 31
12 14 31
13 14 31
12 15 31
13 15 31
14 15 31
12 16 31
13 16 31
14 16 31
13 17 31
14 17 31
-14 -17 32
-13 -17 32
-14 -16 32
-13 -16 32
-12 -16 32
-14 -15 32
-13 -15 32
-12 -15 32
-14 -14 32
-13 -14 32
-12 -14 32
-13 -13 32
-12 -13 32
-11 -13 32
-13 -12 32
-12 -12 32
-11 -12 32
-13 -11 32
-12 -11 32
-11 -11 32
-10 -11 32
-12 -10 32
-11 -10 32
-10 -10 32
-9 -10 32
-11 -9 32
-10 -9 32
-9 -9 32
-11 -8 32
-10 -8 32
-9 -8 32
-11 -7 32
-10 -7 32
-9 -7 32
-8 -7 32
-10 -6 32
-9 -6 32
-8 -6 32
-7 -6 32
-10 -5 32
-9 -5 32
-8 -5 32
-7 -5 32
-9 -4 32
-8 -4 32
-7 -4 32
2 -4 32
3 -4 32
-8 -3 32
-7 -3 32
-6 -3 32
2 -3 32
3 -3 32
-8 -2 32
-7 -2 32
-6 -2 32
-5 -2 32
4 -2 32
5 -2 32
-7 -1 32
-6 -1 32
-5 -1 32
4 -1 32
5 -1 32
-6 0 32
-5 0 32
5 0 32
6 0 32
-5 1 32
-4 1 32
5 1 32
6 1 32
7 1 32
-5 2 32
-4 2 32
5 2 32
6 2 32
7 2 32
8 2 32
-3 3 32
-2 3 32
6 3 32
7 3 32
8 3 32
-3 4 32
-2 4 32
7 4 32
8 4 32
9 4 32
7 5 32
8 5 32
9 5 32
10 5 32
7 6 32
8 6 32
9 6 32
10 6 32
8 7 32
9 7 32
10 7 32
11 7 32
9 8 32
10 8 32
11 8 32
9 9 32
10 9 32
11 9 32
9 10 32
10 10 32
11 10 32
12 10 32
10 11 32
11 11 32
12 11 32
13 11 32
11 12 32
12 12 32
13 12 32
11 13 32
12 13 32
13 13 32
12 14 32
13 14 32
14 14 32
12 15 32
13 15 32
14 15 32
12 16 32
13 16 32
14 16 32
13 17 32
14 17 32
-15 -18 33
-14 -18 33
-15 -17 33
-14 -17 33
-13 -17 33
-15 -16 33
-14 -16 33
-13 -16 33
-14 -15 33
-13 -15 33
-12 -15 33
-14 -14 33
-13 -14 33
-12 -14 33
-14 -13 33
-13 -13 33
-12 -13 33
-11 -13 33
-13 -12 33
-12 -12 33
-11 -12 33
-13 -11 33
-12 -11 33
-11 -11 33
-12 -10 33
-11 -10 33
-10 -10 33
-12 -9 33
-11 -9 33
-10 -9 33
-11 -8 33
-10 -8 33
-9 -8 33
-11 -7 33
-10 -7 33
-9 -7 33
-10 -6 33
-9 -6 33
-8 -6 33
-10 -5 33
-9 -5 33
-8 -5 33
-7 -5 33
-9 -4 33
-8 -4 33
-7 -4 33
-9 -3 33
-8 -3 33
-7 -3 33
-6 -3 33
-8 -2 33
-7 -2 33
-6 -2 33
4 -2 33
5 -2 33
-8 -1 33
-7 -1 33
-6 -1 33
4 -1 33
5 -1 33
6 -1 33
-6 0 33
-5 0 33
5 0 33
6 0 33
-6 1 33
-5 1 33
-4 1 33
6 1 33
7 1 33
8 1 33
-5 2 33
-4 2 33
6 2 33
7 2 33
8 2 33
6 3 33
7 3 33
8 3 33
9 3 33
7 4 33
8 4 33
9 4 33
7 5 33
8 5 33
9 5 33
10 5 33
8 6 33
9 6 33
10 6 33
9 7 33
10 7 33
11 7 33
9 8 33
10 8 33
11 8 33
10 9 33
11 9 33
12 9 33
10 10 33
11 10 33
12 10 33
11 11 33
12 11 33
13 11 33
11 12 33
12 12 33
13 12 33
11 13 33
12 13 33
13 13 33
14 13 33
12 14 33
13 14 33
14 14 33
12 15 33
13 15 33
14 15 33
13 16 33
14 16 33
15 16 33
13 17 33
14 17 33
15 17 33
14 18 33
15 18 33
-15 -18 34
-14 -18 34
-15 -17 34
-14 -17 34
-15 -16 34
-14 -16 34
-14 -15 34
-13 -15 34
-14 -14 34
-13 -14 34
-12 -14 34
-14 -13 34
-13 -13 34
-12 -13 34
-13 -12 34
-12 -12 34
-13 -11 34
-12 -11 34
-11 -11 34
-13 -10 34
-12 -10 34
-11 -10 34
-12 -9 34
-11 -9 34
-10 -9 34
-12 -8 34
-11 -8 34
-10 -8 34
-11 -7 34
-10 -7 34
-9 -7 34
-10 -6 34
-9 -6 34
-10 -5 34
-9 -5 34
-8 -5 34
-10 -4 34
-9 -4 34
-8 -4 34
-9 -3 34
-8 -3 34
-7 -3 34
-9 -2 34
-8 -2 34
-7 -2 34
-8 -1 34
-7 -1 34
5 -1 34
6 -1 34
7 -1 34
-7 0 34
-6 0 34
-5 0 34
5 0 34
6 0 34
7 0 34
-7 1 34
-6 1 34
-5 1 34
7 1 34
8 1 34
7 2 34
8 2 34
9 2 34
7 3 34
8 3 34
9 3 34
8 4 34
9 4 34
10 4 34
8 5 34
9 5 34
10 5 34
9 6 34
10 6 34
9 7 34
10 7 34
11 7 34
10 8 34
11 8 34
12 8 34
10 9 34
11 9 34
12 9 34
11 10 34
12 10 34
13 10 34
11 11 34
12 11 34
13 11 34
12 12 34
13 12 34
12 13 34
13 13 34
14 13 34
12 14 34
13 14 34
14 14 34
13 15 34
14 15 34
14 16 34
15 16 34
14 17 34
15 17 34
14 18 34
15 18 34
-15 -17 35
-14 -17 35
-15 -16 35
-14 -16 35
-15 -15 35
-14 -15 35
-13 -15 35
-15 -14 35
-14 -14 35
-13 -14 35
-14 -13 35
-13 -13 35
-12 -13 35
-14 -12 35
-13 -12 35
-12 -12 35
-13 -11 35
-12 -11 35
-13 -10 35
-12 -10 35
-11 -10 35
-13 -9 35
-12 -9 35
-11 -9 35
-10 -9 35
-12 -8 35
-11 -8 35
-10 -8 35
-12 -7 35
-11 -7 35
-10 -7 35
-9 -7 35
-12 -6 35
-11 -6 35
-10 -6 35
-9 -6 35
-11 -5 35
-10 -5 35
-9 -5 35
-10 -4 35
-9 -4 35
-8 -4 35
-9 -3 35
-8 -3 35
-7 -3 35
-9 -2 35
-8 -2 35
-7 -2 35
-8 -1 35
-7 -1 35
6 -1 35
7 -1 35
8 -1 35
-8 0 35
-7 0 35
-6 0 35
6 0 35
7 0 35
8 0 35
-8 1 35
-7 1 35
-6 1 35
7 1 35
8 1 35
7 2 35
8 2 35
9 2 35
7 3 35
8 3 35
9 3 35
8 4 35
9 4 35
10 4 35
9 5 35
10 5 35
11 5 35
9 6 35
10 6 35
11 6 35
12 6 35
9 7 35
10 7 35
11 7 35
12 7 35
10 8 35
11 8 35
12 8 35
10 9 35
11 9 35
12 9 35
13 9 35
11 10 35
12 10 35
13 10 35
12 11 35
13 11 35
12 12 35
13 12 35
14 12 35
12 13 35
13 13 35
14 13 35
13 14 35
14 14 35
15 14 35
13 15 35
14 15 35
15 15 35
14 16 35
15 16 35
14 17 35
15 17 35
-15 -16 36
-14 -16 36
-15 -15 36
-14 -15 36
-15 -14 36
-14 -14 36
-14 -13 36
-13 -13 36
-14 -12 36
-13 -12 36
-12 -12 36
-14 -11 36
-13 -11 36
-12 -11 36
-14 -10 36
-13 -10 36
-12 -10 36
-11 -10 36
-13 -9 36
-12 -9 36
-11 -9 36
-12 -8 36
-11 -8 36
-12 -7 36
-11 -7 36
-10 -7 36
-12 -6 36
-11 -6 36
-10 -6 36
-11 -5 36
-10 -5 36
-9 -5 36
-11 -4 36
-10 -4 36
-9 -4 36
-10 -3 36
-9 -3 36
-10 -2 36
-9 -2 36
-8 -1 36
-7 -1 36
7 -1 36
8 -1 36
-8 0 36
-7 0 36
7 0 36
8 0 36
-8 1 36
-7 1 36
7 1 36
8 1 36
9 2 36
10 2 36
9 3 36
10 3 36
9 4 36
10 4 36
11 4 36
9 5 36
10 5 36
11 5 36
10 6 36
11 6 36
12 6 36
10 7 36
11 7 36
12 7 36
11 8 36
12 8 36
11 9 36
12 9 36
13 9 36
11 10 36
12 10 36
13 10 36
14 10 36
12 11 36
13 11 36
14 11 36
12 12 36
13 12 36
14 12 36
13 13 36
14 13 36
14 14 36
15 14 36
14 15 36
15 15 36
14 16 36
15 16 36
-16 -17 37
-15 -17 37
-16 -16 37
-15 -16 37
-16 -15 37
-15 -15 37
-16 -14 37
-15 -14 37
-14 -12 37
-13 -12 37
-14 -11 37
-13 -11 37
-14 -10 37
-13 -10 37
-12 -10 37
-14 -9 37
-13 -9 37
-12 -9 37
-13 -8 37
-12 -8 37
-13 -7 37
-12 -7 37
-11 -7 37
-12 -6 37
-11 -6 37
-10 -6 37
-11 -5 37
-10 -5 37
-11 -4 37
-10 -4 37
-9 -4 37
-11 -3 37
-10 -3 37
-9 -3 37
-10 -2 37
-9 -2 37
9 2 37
10 2 37
9 3 37
10 3 37
11 3 37
9 4 37
10 4 37
11 4 37
10 5 37
11 5 37
10 6 37
11 6 37
12 6 37
11 7 37
12 7 37
13 7 37
12 8 37
13 8 37
12 9 37
13 9 37
14 9 37
12 10 37
13 10 37
14 10 37
13 11 37
14 11 37
13 12 37
14 12 37
15 14 37
16 14 37
15 15 37
16 15 37
15 16 37
16 16 37
15 17 37
16 17 37
-16 -17 38
-15 -17 38
-16 -16 38
-15 -16 38
-16 -15 38
-15 -15 38
-16 -14 38
-15 -14 38
-15 -12 38
-14 -12 38
-15 -11 38
-14 -11 38
-13 -11 38
-14 -10 38
-13 -10 38
-12 -10 38
-14 -9 38
-13 -9 38
-12 -9 38
-13 -8 38
-12 -8 38
-13 -7 38
-12 -7 38
-11 -7 38
-12 -6 38
-11 -6 38
-12 -5 38
-11 -5 38
-10 -5 38
-12 -4 38
-11 -4 38
-10 -4 38
-11 -3 38
-10 -3 38
-9 -3 38
-11 -2 38
-10 -2 38
-9 -2 38
-10 -1 38
-9 -1 38
-10 0 38
-9 0 38
9 0 38
10 0 38
9 1 38
10 1 38
9 2 38
10 2 38
11 2 38
9 3 38
10 3 38
11 3 38
10 4 38
11 4 38
12 4 38
10 5 38
11 5 38
12 5 38
11 6 38
12 6 38
11 7 38
12 7 38
13 7 38
12 8 38
13 8 38
12 9 38
13 9 38
14 9 38
12 10 38
13 10 38
14 10 38
13 11 38
14 11 38
15 11 38
14 12 38
15 12 38
15 14 38
16 14 38
15 15 38
16 15 38
15 16 38
16 16 38
15 17 38
16 17 38
-15 -12 39
-14 -12 39
-15 -11 39
-14 -11 39
-13 -8 39
-12 -8 39
-13 -7 39
-12 -7 39
-12 -6 39
-11 -6 39
-12 -5 39
-11 -5 39
-12 -4 39
-11 -4 39
-12 -3 39
-11 -3 39
-10 -3 39
-11 -2 39
-10 -2 39
-10 -1 39
-9 -1 39
-10 0 39
-9 0 39
9 0 39
10 0 39
9 1 39
10 1 39
10 2 39
11 2 39
10 3 39
11 3 39
12 3 39
11 4 39
12 4 39
11 5 39
12 5 39
11 6 39
12 6 39
12 7 39
13 7 39
12 8 39
13 8 39
14 11 39
15 11 39
14 12 39
15 12 39
-16 -13 40
-15 -13 40
-16 -12 40
-15 -12 40
-12 -6 40
-11 -6 40
-13 -5 40
-12 -5 40
-11 -5 40
-13 -4 40
-12 -4 40
-11 -4 40
-12 -3 40
-11 -3 40
11 3 40
12 3 40
11 4 40
12 4 40
13 4 40
11 5 40
12 5 40
13 5 40
11 6 40
12 6 40
15 12 40
16 12 40
15 13 40
16 13 40
-16 -13 41
-15 -13 41
-16 -12 41
-15 -12 41
-13 -5 41
-12 -5 41
-13 -4 41
-12 -4 41
12 4 41
13 4 41
12 5 41
13 5 41
15 12 41
16 12 41
15 13 41
16 13 41
-15 -9 42
-14 -9 42
-15 -8 42
-14 -8 42
14 8 42
15 8 42
14 9 42
15 9 42
-15 -9 43
-14 -9 43
-15 -8 43
-14 -8 43
14 8 43
15 8 43
14 9 43
15 9 43
-18 -9 47
-17 -9 47
-18 -8 47
-17 -8 47
17 8 47
18 8 47
17 9 47
18 9 47
-18 -9 48
-17 -9 48
-18 -8 48
-17 -8 48
17 8 48
18 8 48
17 9 48
18 9 48
