-30 -40 0 
-26 -40 0 
-22 -40 0 
-18 -40 0 
-14 -40 0 
-10 -40 0 
-6 -40 0 
-2 -40 0 
2 -40 0 
6 -40 0 
10 -40 0 
14 -40 0 
18 -40 0 
22 -40 0 
26 -40 0 
30 -40 0 
-30 -36 0 
-26 -36 0 
-22 -36 0 
-18 -36 0 
-14 -36 0 
-10 -36 0 
-6 -36 0 
-2 -36 0 
2 -36 0 
6 -36 0 
10 -36 0 
14 -36 0 
18 -36 0 
22 -36 0 
26 -36 0 
30 -36 0 
-30 -32 0 
-26 -32 0 
-22 -32 0 
-18 -32 0 
-14 -32 0 
-10 -32 0 
-6 -32 0 
-2 -32 0 
2 -32 0 
6 -32 0 
10 -32 0 
14 -32 0 
18 -32 0 
22 -32 0 
26 -32 0 
30 -32 0 
-30 -28 0 
-26 -28 0 
-22 -28 0 
-18 -28 0 
-14 -28 0 
-10 -28 0 
-6 -28 0 
-2 -28 0 
2 -28 0 
6 -28 0 
10 -28 0 
14 -28 0 
18 -28 0 
22 -28 0 
26 -28 0 
30 -28 0 
-30 -24 0 
-26 -24 0 
-22 -24 0 
-18 -24 0 
-14 -24 0 
-10 -24 0 
-6 -24 0 
-2 -24 0 
2 -24 0 
6 -24 0 
10 -24 0 
14 -24 0 
18 -24 0 
22 -24 0 
26 -24 0 
30 -24 0 
-30 -20 0 
-26 -20 0 
-22 -20 0 
-18 -20 0 
-14 -20 0 
-10 -20 0 
-6 -20 0 
-2 -20 0 
2 -20 0 
6 -20 0 
10 -20 0 
14 -20 0 
18 -20 0 
22 -20 0 
26 -20 0 
30 -20 0 
-30 -16 0 
-26 -16 0 
-22 -16 0 
-18 -16 0 
-14 -16 0 
-10 -16 0 
-6 -16 0 
-2 -16 0 
2 -16 0 
6 -16 0 
10 -16 0 
14 -16 0 
18 -16 0 
22 -16 0 
26 -16 0 
30 -16 0 
-30 -12 0 
-26 -12 0 
-22 -12 0 
-18 -12 0 
-14 -12 0 
-10 -12 0 
-6 -12 0 
-2 -12 0 
2 -12 0 
6 -12 0 
10 -12 0 
14 -12 0 
18 -12 0 
22 -12 0 
26 -12 0 
30 -12 0 
-30 -8 0 
-26 -8 0 
-22 -8 0 
-18 -8 0 
-14 -8 0 
-10 -8 0 
-6 -8 0 
-2 -8 0 
2 -8 0 
6 -8 0 
10 -8 0 
14 -8 0 
18 -8 0 
22 -8 0 
26 -8 0 
30 -8 0 
-30 -4 0 
-26 -4 0 
-22 -4 0 
-18 -4 0 
-14 -4 0 
-10 -4 0 
-6 -4 0 
-2 -4 0 
2 -4 0 
6 -4 0 
10 -4 0 
14 -4 0 
18 -4 0 
22 -4 0 
26 -4 0 
30 -4 0 
-30 0 0 
-26 0 0 
-22 0 0 
-18 0 0 
-14 0 0 
-10 0 0 
-6 0 0 
-2 0 0 
2 0 0 
6 0 0 
10 0 0 
14 0 0 
18 0 0 
22 0 0 
26 0 0 
30 0 0 
-30 4 0 
-26 4 0 
-22 4 0 
-18 4 0 
-14 4 0 
-10 4 0 
-6 4 0 
-2 4 0 
2 4 0 
6 4 0 
10 4 0 
14 4 0 
18 4 0 
22 4 0 
26 4 0 
30 4 0 
-30 8 0 
-26 8 0 
-22 8 0 
-18 8 0 
-14 8 0 
-10 8 0 
-6 8 0 
-2 8 0 
2 8 0 
6 8 0 
10 8 0 
14 8 0 
18 8 0 
22 8 0 
26 8 0 
30 8 0 
-30 12 0 
-26 12 0 
-22 12 0 
-18 12 0 
-14 12 0 
-10 12 0 
-6 12 0 
-2 12 0 
2 12 0 
6 12 0 
10 12 0 
14 12 0 
18 12 0 
22 12 0 
26 12 0 
30 12 0 
-30 16 0 
-26 16 0 
-22 16 0 
-18 16 0 
-14 16 0 
-10 16 0 
-6 16 0 
-2 16 0 
2 16 0 
6 16 0 
10 16 0 
14 16 0 
18 16 0 
22 16 0 
26 16 0 
30 16 0 
-30 20 0 
-26 20 0 
-22 20 0 
-18 20 0 
-14 20 0 
-10 20 0 
-6 20 0 
-2 20 0 
2 20 0 
6 20 0 
10 20 0 
14 20 0 
18 20 0 
22 20 0 
26 20 0 
30 20 0 
-30 24 0 
-26 24 0 
-22 24 0 
-18 24 0 
-14 24 0 
-10 24 0 
-6 24 0 
-2 24 0 
2 24 0 
6 24 0 
10 24 0 
14 24 0 
18 24 0 
22 24 0 
26 24 0 
30 24 0 
-30 28 0 
-26 28 0 
-22 28 0 
-18 28 0 
-14 28 0 
-10 28 0 
-6 28 0 
-2 28 0 
2 28 0 
6 28 0 
10 28 0 
14 28 0 
18 28 0 
22 28 0 
26 28 0 
30 28 0 
-30 32 0 
-26 32 0 
-22 32 0 
-18 32 0 
-14 32 0 
-10 32 0 
-6 32 0 
-2 32 0 
2 32 0 
6 32 0 
10 32 0 
14 32 0 
18 32 0 
22 32 0 
26 32 0 
30 32 0 
-30 36 0 
-26 36 0 
-22 36 0 
-18 36 0 
-14 36 0 
-10 36 0 
-6 36 0 
-2 36 0 
2 36 0 
6 36 0 
10 36 0 
14 36 0 
18 36 0 
22 36 0 
26 36 0 
30 36 0 
-30 40 0 
-26 40 0 
-22 40 0 
-18 40 0 
-14 40 0 
-10 40 0 
-6 40 0 
-2 40 0 
2 40 0 
6 40 0 
10 40 0 
14 40 0 
18 40 0 
22 40 0 
26 40 0 
30 40 0 
-30 -40 4 
-26 -40 4 
-22 -40 4 
-18 -40 4 
-14 -40 4 
-10 -40 4 
-6 -40 4 
-2 -40 4 
2 -40 4 
6 -40 4 
10 -40 4 
14 -40 4 
18 -40 4 
22 -40 4 
26 -40 4 
30 -40 4 
-30 -36 4 
-26 -36 4 
-22 -36 4 
-18 -36 4 
-14 -36 4 
-10 -36 4 
-6 -36 4 
-2 -36 4 
2 -36 4 
6 -36 4 
10 -36 4 
14 -36 4 
18 -36 4 
22 -36 4 
26 -36 4 
30 -36 4 
-30 -32 4 
-26 -32 4 
-22 -32 4 
-18 -32 4 
-14 -32 4 
-10 -32 4 
-6 -32 4 
-2 -32 4 
2 -32 4 
6 -32 4 
10 -32 4 
14 -32 4 
18 -32 4 
22 -32 4 
26 -32 4 
30 -32 4 
-30 -28 4 
-26 -28 4 
-22 -28 4 
-18 -28 4 
-14 -28 4 
-10 -28 4 
-6 -28 4 
-2 -28 4 
2 -28 4 
6 -28 4 
10 -28 4 
14 -28 4 
18 -28 4 
22 -28 4 
26 -28 4 
30 -28 4 
-30 -24 4 
-26 -24 4 
-22 -24 4 
-18 -24 4 
-14 -24 4 
-10 -24 4 
-6 -24 4 
-2 -24 4 
2 -24 4 
6 -24 4 
10 -24 4 
14 -24 4 
18 -24 4 
22 -24 4 
26 -24 4 
30 -24 4 
-30 -20 4 
-26 -20 4 
-22 -20 4 
-18 -20 4 
-14 -20 4 
-10 -20 4 
-6 -20 4 
-2 -20 4 
2 -20 4 
6 -20 4 
10 -20 4 
14 -20 4 
18 -20 4 
22 -20 4 
26 -20 4 
30 -20 4 
-30 -16 4 
-26 -16 4 
-22 -16 4 
-18 -16 4 
-14 -16 4 
-10 -16 4 
-6 -16 4 
-2 -16 4 
2 -16 4 
6 -16 4 
10 -16 4 
14 -16 4 
18 -16 4 
22 -16 4 
26 -16 4 
30 -16 4 
-30 -12 4 
-26 -12 4 
-22 -12 4 
-18 -12 4 
-14 -12 4 
-10 -12 4 
-6 -12 4 
-2 -12 4 
2 -12 4 
6 -12 4 
10 -12 4 
14 -12 4 
18 -12 4 
22 -12 4 
26 -12 4 
30 -12 4 
-30 -8 4 
-26 -8 4 
-22 -8 4 
-18 -8 4 
-14 -8 4 
-10 -8 4 
-6 -8 4 
-2 -8 4 
2 -8 4 
6 -8 4 
10 -8 4 
14 -8 4 
18 -8 4 
22 -8 4 
26 -8 4 
30 -8 4 
-30 -4 4 
-26 -4 4 
-22 -4 4 
-18 -4 4 
-14 -4 4 
-10 -4 4 
-6 -4 4 
-2 -4 4 
2 -4 4 
6 -4 4 
10 -4 4 
14 -4 4 
18 -4 4 
22 -4 4 
26 -4 4 
30 -4 4 
-30 0 4 
-26 0 4 
-22 0 4 
-18 0 4 
-14 0 4 
-10 0 4 
-6 0 4 
-2 0 4 
2 0 4 
6 0 4 
10 0 4 
14 0 4 
18 0 4 
22 0 4 
26 0 4 
30 0 4 
-30 4 4 
-26 4 4 
-22 4 4 
-18 4 4 
-14 4 4 
-10 4 4 
-6 4 4 
-2 4 4 
2 4 4 
6 4 4 
10 4 4 
14 4 4 
18 4 4 
22 4 4 
26 4 4 
30 4 4 
-30 8 4 
-26 8 4 
-22 8 4 
-18 8 4 
-14 8 4 
-10 8 4 
-6 8 4 
-2 8 4 
2 8 4 
6 8 4 
10 8 4 
14 8 4 
18 8 4 
22 8 4 
26 8 4 
30 8 4 
-30 12 4 
-26 12 4 
-22 12 4 
-18 12 4 
-14 12 4 
-10 12 4 
-6 12 4 
-2 12 4 
2 12 4 
6 12 4 
10 12 4 
14 12 4 
18 12 4 
22 12 4 
26 12 4 
30 12 4 
-30 16 4 
-26 16 4 
-22 16 4 
-18 16 4 
-14 16 4 
-10 16 4 
-6 16 4 
-2 16 4 
2 16 4 
6 16 4 
10 16 4 
14 16 4 
18 16 4 
22 16 4 
26 16 4 
30 16 4 
-30 20 4 
-26 20 4 
-22 20 4 
-18 20 4 
-14 20 4 
-10 20 4 
-6 20 4 
-2 20 4 
2 20 4 
6 20 4 
10 20 4 
14 20 4 
18 20 4 
22 20 4 
26 20 4 
30 20 4 
-30 24 4 
-26 24 4 
-22 24 4 
-18 24 4 
-14 24 4 
-10 24 4 
-6 24 4 
-2 24 4 
2 24 4 
6 24 4 
10 24 4 
14 24 4 
18 24 4 
22 24 4 
26 24 4 
30 24 4 
-30 28 4 
-26 28 4 
-22 28 4 
-18 28 4 
-14 28 4 
-10 28 4 
-6 28 4 
-2 28 4 
2 28 4 
6 28 4 
10 28 4 
14 28 4 
18 28 4 
22 28 4 
26 28 4 
30 28 4 
-30 32 4 
-26 32 4 
-22 32 4 
-18 32 4 
-14 32 4 
-10 32 4 
-6 32 4 
-2 32 4 
2 32 4 
6 32 4 
10 32 4 
14 32 4 
18 32 4 
22 32 4 
26 32 4 
30 32 4 
-30 36 4 
-26 36 4 
-22 36 4 
-18 36 4 
-14 36 4 
-10 36 4 
-6 36 4 
-2 36 4 
2 36 4 
6 36 4 
10 36 4 
14 36 4 
18 36 4 
22 36 4 
26 36 4 
30 36 4 
-30 40 4 
-26 40 4 
-22 40 4 
-18 40 4 
-14 40 4 
-10 40 4 
-6 40 4 
-2 40 4 
2 40 4 
6 40 4 
10 40 4 
14 40 4 
18 40 4 
22 40 4 
26 40 4 
30 40 4 
-30 -40 8 
-26 -40 8 
-22 -40 8 
-18 -40 8 
-14 -40 8 
-10 -40 8 
-6 -40 8 
-2 -40 8 
2 -40 8 
6 -40 8 
10 -40 8 
14 -40 8 
18 -40 8 
22 -40 8 
26 -40 8 
30 -40 8 
-30 -36 8 
-26 -36 8 
-22 -36 8 
-18 -36 8 
-14 -36 8 
-10 -36 8 
-6 -36 8 
-2 -36 8 
2 -36 8 
6 -36 8 
10 -36 8 
14 -36 8 
18 -36 8 
22 -36 8 
26 -36 8 
30 -36 8 
-30 -32 8 
-26 -32 8 
-22 -32 8 
-18 -32 8 
-14 -32 8 
-10 -32 8 
-6 -32 8 
-2 -32 8 
2 -32 8 
6 -32 8 
10 -32 8 
14 -32 8 
18 -32 8 
22 -32 8 
26 -32 8 
30 -32 8 
-30 -28 8 
-26 -28 8 
-22 -28 8 
-18 -28 8 
-14 -28 8 
-10 -28 8 
-6 -28 8 
-2 -28 8 
2 -28 8 
6 -28 8 
10 -28 8 
14 -28 8 
18 -28 8 
22 -28 8 
26 -28 8 
30 -28 8 
-30 -24 8 
-26 -24 8 
-22 -24 8 
-18 -24 8 
-14 -24 8 
-10 -24 8 
-6 -24 8 
-2 -24 8 
2 -24 8 
6 -24 8 
10 -24 8 
14 -24 8 
18 -24 8 
22 -24 8 
26 -24 8 
30 -24 8 
-30 -20 8 
-26 -20 8 
-22 -20 8 
-18 -20 8 
-14 -20 8 
-10 -20 8 
-6 -20 8 
-2 -20 8 
2 -20 8 
6 -20 8 
10 -20 8 
14 -20 8 
18 -20 8 
22 -20 8 
26 -20 8 
30 -20 8 
-30 -16 8 
-26 -16 8 
-22 -16 8 
-18 -16 8 
-14 -16 8 
-10 -16 8 
-6 -16 8 
-2 -16 8 
2 -16 8 
6 -16 8 
10 -16 8 
14 -16 8 
18 -16 8 
22 -16 8 
26 -16 8 
30 -16 8 
-30 -12 8 
-26 -12 8 
-22 -12 8 
-18 -12 8 
-14 -12 8 
-10 -12 8 
-6 -12 8 
-2 -12 8 
2 -12 8 
6 -12 8 
10 -12 8 
14 -12 8 
18 -12 8 
22 -12 8 
26 -12 8 
30 -12 8 
-30 -8 8 
-26 -8 8 
-22 -8 8 
-18 -8 8 
-14 -8 8 
-10 -8 8 
-6 -8 8 
-2 -8 8 
2 -8 8 
6 -8 8 
10 -8 8 
14 -8 8 
18 -8 8 
22 -8 8 
26 -8 8 
30 -8 8 
-30 -4 8 
-26 -4 8 
-22 -4 8 
-18 -4 8 
-14 -4 8 
-10 -4 8 
-6 -4 8 
-2 -4 8 
2 -4 8 
6 -4 8 
10 -4 8 
14 -4 8 
18 -4 8 
22 -4 8 
26 -4 8 
30 -4 8 
-30 0 8 
-26 0 8 
-22 0 8 
-18 0 8 
-14 0 8 
-10 0 8 
-6 0 8 
-2 0 8 
2 0 8 
6 0 8 
10 0 8 
14 0 8 
18 0 8 
22 0 8 
26 0 8 
30 0 8 
-30 4 8 
-26 4 8 
-22 4 8 
-18 4 8 
-14 4 8 
-10 4 8 
-6 4 8 
-2 4 8 
2 4 8 
6 4 8 
10 4 8 
14 4 8 
18 4 8 
22 4 8 
26 4 8 
30 4 8 
-30 8 8 
-26 8 8 
-22 8 8 
-18 8 8 
-14 8 8 
-10 8 8 
-6 8 8 
-2 8 8 
2 8 8 
6 8 8 
10 8 8 
14 8 8 
18 8 8 
22 8 8 
26 8 8 
30 8 8 
-30 12 8 
-26 12 8 
-22 12 8 
-18 12 8 
-14 12 8 
-10 12 8 
-6 12 8 
-2 12 8 
2 12 8 
6 12 8 
10 12 8 
14 12 8 
18 12 8 
22 12 8 
26 12 8 
30 12 8 
-30 16 8 
-26 16 8 
-22 16 8 
-18 16 8 
-14 16 8 
-10 16 8 
-6 16 8 
-2 16 8 
2 16 8 
6 16 8 
10 16 8 
14 16 8 
18 16 8 
22 16 8 
26 16 8 
30 16 8 
-30 20 8 
-26 20 8 
-22 20 8 
-18 20 8 
-14 20 8 
-10 20 8 
-6 20 8 
-2 20 8 
2 20 8 
6 20 8 
10 20 8 
14 20 8 
18 20 8 
22 20 8 
26 20 8 
30 20 8 
-30 24 8 
-26 24 8 
-22 24 8 
-18 24 8 
-14 24 8 
-10 24 8 
-6 24 8 
-2 24 8 
2 24 8 
6 24 8 
10 24 8 
14 24 8 
18 24 8 
22 24 8 
26 24 8 
30 24 8 
-30 28 8 
-26 28 8 
-22 28 8 
-18 28 8 
-14 28 8 
-10 28 8 
-6 28 8 
-2 28 8 
2 28 8 
6 28 8 
10 28 8 
14 28 8 
18 28 8 
22 28 8 
26 28 8 
30 28 8 
-30 32 8 
-26 32 8 
-22 32 8 
-18 32 8 
-14 32 8 
-10 32 8 
-6 32 8 
-2 32 8 
2 32 8 
6 32 8 
10 32 8 
14 32 8 
18 32 8 
22 32 8 
26 32 8 
30 32 8 
-30 36 8 
-26 36 8 
-22 36 8 
-18 36 8 
-14 36 8 
-10 36 8 
-6 36 8 
-2 36 8 
2 36 8 
6 36 8 
10 36 8 
14 36 8 
18 36 8 
22 36 8 
26 36 8 
30 36 8 
-30 40 8 
-26 40 8 
-22 40 8 
-18 40 8 
-14 40 8 
-10 40 8 
-6 40 8 
-2 40 8 
2 40 8 
6 40 8 
10 40 8 
14 40 8 
18 40 8 
22 40 8 
26 40 8 
30 40 8 
-30 -40 12 
-26 -40 12 
-22 -40 12 
-18 -40 12 
-14 -40 12 
-10 -40 12 
-6 -40 12 
-2 -40 12 
2 -40 12 
6 -40 12 
10 -40 12 
14 -40 12 
18 -40 12 
22 -40 12 
26 -40 12 
30 -40 12 
-30 -36 12 
-26 -36 12 
-22 -36 12 
-18 -36 12 
-14 -36 12 
-10 -36 12 
-6 -36 12 
-2 -36 12 
2 -36 12 
6 -36 12 
10 -36 12 
14 -36 12 
18 -36 12 
22 -36 12 
26 -36 12 
30 -36 12 
-30 -32 12 
-26 -32 12 
-22 -32 12 
-18 -32 12 
-14 -32 12 
-10 -32 12 
-6 -32 12 
-2 -32 12 
2 -32 12 
6 -32 12 
10 -32 12 
14 -32 12 
18 -32 12 
22 -32 12 
26 -32 12 
30 -32 12 
-30 -28 12 
-26 -28 12 
-22 -28 12 
-18 -28 12 
-14 -28 12 
-10 -28 12 
-6 -28 12 
-2 -28 12 
2 -28 12 
6 -28 12 
10 -28 12 
14 -28 12 
18 -28 12 
22 -28 12 
26 -28 12 
30 -28 12 
-30 -24 12 
-26 -24 12 
-22 -24 12 
-18 -24 12 
-14 -24 12 
-10 -24 12 
-6 -24 12 
-2 -24 12 
2 -24 12 
6 -24 12 
10 -24 12 
14 -24 12 
18 -24 12 
22 -24 12 
26 -24 12 
30 -24 12 
-30 -20 12 
-26 -20 12 
-22 -20 12 
-18 -20 12 
-14 -20 12 
-10 -20 12 
-6 -20 12 
-2 -20 12 
2 -20 12 
6 -20 12 
10 -20 12 
14 -20 12 
18 -20 12 
22 -20 12 
26 -20 12 
30 -20 12 
-30 -16 12 
-26 -16 12 
-22 -16 12 
-18 -16 12 
-14 -16 12 
-10 -16 12 
-6 -16 12 
-2 -16 12 
2 -16 12 
6 -16 12 
10 -16 12 
14 -16 12 
18 -16 12 
22 -16 12 
26 -16 12 
30 -16 12 
-30 -12 12 
-26 -12 12 
-22 -12 12 
-18 -12 12 
-14 -12 12 
-10 -12 12 
-6 -12 12 
-2 -12 12 
2 -12 12 
6 -12 12 
10 -12 12 
14 -12 12 
18 -12 12 
22 -12 12 
26 -12 12 
30 -12 12 
-30 -8 12 
-26 -8 12 
-22 -8 12 
-18 -8 12 
-14 -8 12 
-10 -8 12 
-6 -8 12 
-2 -8 12 
2 -8 12 
6 -8 12 
10 -8 12 
14 -8 12 
18 -8 12 
22 -8 12 
26 -8 12 
30 -8 12 
-30 -4 12 
-26 -4 12 
-22 -4 12 
-18 -4 12 
-14 -4 12 
-10 -4 12 
-6 -4 12 
-2 -4 12 
2 -4 12 
6 -4 12 
10 -4 12 
14 -4 12 
18 -4 12 
22 -4 12 
26 -4 12 
30 -4 12 
-30 0 12 
-26 0 12 
-22 0 12 
-18 0 12 
-14 0 12 
-10 0 12 
-6 0 12 
-2 0 12 
2 0 12 
6 0 12 
10 0 12 
14 0 12 
18 0 12 
22 0 12 
26 0 12 
30 0 12 
-30 4 12 
-26 4 12 
-22 4 12 
-18 4 12 
-14 4 12 
-10 4 12 
-6 4 12 
-2 4 12 
2 4 12 
6 4 12 
10 4 12 
14 4 12 
18 4 12 
22 4 12 
26 4 12 
30 4 12 
-30 8 12 
-26 8 12 
-22 8 12 
-18 8 12 
-14 8 12 
-10 8 12 
-6 8 12 
-2 8 12 
2 8 12 
6 8 12 
10 8 12 
14 8 12 
18 8 12 
22 8 12 
26 8 12 
30 8 12 
-30 12 12 
-26 12 12 
-22 12 12 
-18 12 12 
-14 12 12 
-10 12 12 
-6 12 12 
-2 12 12 
2 12 12 
6 12 12 
10 12 12 
14 12 12 
18 12 12 
22 12 12 
26 12 12 
30 12 12 
-30 16 12 
-26 16 12 
-22 16 12 
-18 16 12 
-14 16 12 
-10 16 12 
-6 16 12 
-2 16 12 
2 16 12 
6 16 12 
10 16 12 
14 16 12 
18 16 12 
22 16 12 
26 16 12 
30 16 12 
-30 20 12 
-26 20 12 
-22 20 12 
-18 20 12 
-14 20 12 
-10 20 12 
-6 20 12 
-2 20 12 
2 20 12 
6 20 12 
10 20 12 
14 20 12 
18 20 12 
22 20 12 
26 20 12 
30 20 12 
-30 24 12 
-26 24 12 
-22 24 12 
-18 24 12 
-14 24 12 
-10 24 12 
-6 24 12 
-2 24 12 
2 24 12 
6 24 12 
10 24 12 
14 24 12 
18 24 12 
22 24 12 
26 24 12 
30 24 12 
-30 28 12 
-26 28 12 
-22 28 12 
-18 28 12 
-14 28 12 
-10 28 12 
-6 28 12 
-2 28 12 
2 28 12 
6 28 12 
10 28 12 
14 28 12 
18 28 12 
22 28 12 
26 28 12 
30 28 12 
-30 32 12 
-26 32 12 
-22 32 12 
-18 32 12 
-14 32 12 
-10 32 12 
-6 32 12 
-2 32 12 
2 32 12 
6 32 12 
10 32 12 
14 32 12 
18 32 12 
22 32 12 
26 32 12 
30 32 12 
-30 36 12 
-26 36 12 
-22 36 12 
-18 36 12 
-14 36 12 
-10 36 12 
-6 36 12 
-2 36 12 
2 36 12 
6 36 12 
10 36 12 
14 36 12 
18 36 12 
22 36 12 
26 36 12 
30 36 12 
-30 40 12 
-26 40 12 
-22 40 12 
-18 40 12 
-14 40 12 
-10 40 12 
-6 40 12 
-2 40 12 
2 40 12 
6 40 12 
10 40 12 
14 40 12 
18 40 12 
22 40 12 
26 40 12 
30 40 12 
-30 -40 16 
-26 -40 16 
-22 -40 16 
-18 -40 16 
-14 -40 16 
-10 -40 16 
-6 -40 16 
-2 -40 16 
2 -40 16 
6 -40 16 
10 -40 16 
14 -40 16 
18 -40 16 
22 -40 16 
26 -40 16 
30 -40 16 
-30 -36 16 
-26 -36 16 
-22 -36 16 
-18 -36 16 
-14 -36 16 
-10 -36 16 
-6 -36 16 
-2 -36 16 
2 -36 16 
6 -36 16 
10 -36 16 
14 -36 16 
18 -36 16 
22 -36 16 
26 -36 16 
30 -36 16 
-30 -32 16 
-26 -32 16 
-22 -32 16 
-18 -32 16 
-14 -32 16 
-10 -32 16 
-6 -32 16 
-2 -32 16 
2 -32 16 
6 -32 16 
10 -32 16 
14 -32 16 
18 -32 16 
22 -32 16 
26 -32 16 
30 -32 16 
-30 -28 16 
-26 -28 16 
-22 -28 16 
-18 -28 16 
-14 -28 16 
-10 -28 16 
-6 -28 16 
-2 -28 16 
2 -28 16 
6 -28 16 
10 -28 16 
14 -28 16 
18 -28 16 
22 -28 16 
26 -28 16 
30 -28 16 
-30 -24 16 
-26 -24 16 
-22 -24 16 
-18 -24 16 
-14 -24 16 
-10 -24 16 
-6 -24 16 
-2 -24 16 
2 -24 16 
6 -24 16 
10 -24 16 
14 -24 16 
18 -24 16 
22 -24 16 
26 -24 16 
30 -24 16 
-30 -20 16 
-26 -20 16 
-22 -20 16 
-18 -20 16 
-14 -20 16 
-10 -20 16 
-6 -20 16 
-2 -20 16 
2 -20 16 
6 -20 16 
10 -20 16 
14 -20 16 
18 -20 16 
22 -20 16 
26 -20 16 
30 -20 16 
-30 -16 16 
-26 -16 16 
-22 -16 16 
-18 -16 16 
-14 -16 16 
-10 -16 16 
-6 -16 16 
-2 -16 16 
2 -16 16 
6 -16 16 
10 -16 16 
14 -16 16 
18 -16 16 
22 -16 16 
26 -16 16 
30 -16 16 
-30 -12 16 
-26 -12 16 
-22 -12 16 
-18 -12 16 
-14 -12 16 
-10 -12 16 
-6 -12 16 
-2 -12 16 
2 -12 16 
6 -12 16 
10 -12 16 
14 -12 16 
18 -12 16 
22 -12 16 
26 -12 16 
30 -12 16 
-30 -8 16 
-26 -8 16 
-22 -8 16 
-18 -8 16 
-14 -8 16 
-10 -8 16 
-6 -8 16 
-2 -8 16 
2 -8 16 
6 -8 16 
10 -8 16 
14 -8 16 
18 -8 16 
22 -8 16 
26 -8 16 
30 -8 16 
-30 -4 16 
-26 -4 16 
-22 -4 16 
-18 -4 16 
-14 -4 16 
-10 -4 16 
-6 -4 16 
-2 -4 16 
2 -4 16 
6 -4 16 
10 -4 16 
14 -4 16 
18 -4 16 
22 -4 16 
26 -4 16 
30 -4 16 
-30 0 16 
-26 0 16 
-22 0 16 
-18 0 16 
-14 0 16 
-10 0 16 
-6 0 16 
-2 0 16 
2 0 16 
6 0 16 
10 0 16 
14 0 16 
18 0 16 
22 0 16 
26 0 16 
30 0 16 
-30 4 16 
-26 4 16 
-22 4 16 
-18 4 16 
-14 4 16 
-10 4 16 
-6 4 16 
-2 4 16 
2 4 16 
6 4 16 
10 4 16 
14 4 16 
18 4 16 
22 4 16 
26 4 16 
30 4 16 
-30 8 16 
-26 8 16 
-22 8 16 
-18 8 16 
-14 8 16 
-10 8 16 
-6 8 16 
-2 8 16 
2 8 16 
6 8 16 
10 8 16 
14 8 16 
18 8 16 
22 8 16 
26 8 16 
30 8 16 
-30 12 16 
-26 12 16 
-22 12 16 
-18 12 16 
-14 12 16 
-10 12 16 
-6 12 16 
-2 12 16 
2 12 16 
6 12 16 
10 12 16 
14 12 16 
18 12 16 
22 12 16 
26 12 16 
30 12 16 
-30 16 16 
-26 16 16 
-22 16 16 
-18 16 16 
-14 16 16 
-10 16 16 
-6 16 16 
-2 16 16 
2 16 16 
6 16 16 
10 16 16 
14 16 16 
18 16 16 
22 16 16 
26 16 16 
30 16 16 
-30 20 16 
-26 20 16 
-22 20 16 
-18 20 16 
-14 20 16 
-10 20 16 
-6 20 16 
-2 20 16 
2 20 16 
6 20 16 
10 20 16 
14 20 16 
18 20 16 
22 20 16 
26 20 16 
30 20 16 
-30 24 16 
-26 24 16 
-22 24 16 
-18 24 16 
-14 24 16 
-10 24 16 
-6 24 16 
-2 24 16 
2 24 16 
6 24 16 
10 24 16 
14 24 16 
18 24 16 
22 24 16 
26 24 16 
30 24 16 
-30 28 16 
-26 28 16 
-22 28 16 
-18 28 16 
-14 28 16 
-10 28 16 
-6 28 16 
-2 28 16 
2 28 16 
6 28 16 
10 28 16 
14 28 16 
18 28 16 
22 28 16 
26 28 16 
30 28 16 
-30 32 16 
-26 32 16 
-22 32 16 
-18 32 16 
-14 32 16 
-10 32 16 
-6 32 16 
-2 32 16 
2 32 16 
6 32 16 
10 32 16 
14 32 16 
18 32 16 
22 32 16 
26 32 16 
30 32 16 
-30 36 16 
-26 36 16 
-22 36 16 
-18 36 16 
-14 36 16 
-10 36 16 
-6 36 16 
-2 36 16 
2 36 16 
6 36 16 
10 36 16 
14 36 16 
18 36 16 
22 36 16 
26 36 16 
30 36 16 
-30 40 16 
-26 40 16 
-22 40 16 
-18 40 16 
-14 40 16 
-10 40 16 
-6 40 16 
-2 40 16 
2 40 16 
6 40 16 
10 40 16 
14 40 16 
18 40 16 
22 40 16 
26 40 16 
30 40 16 
-30 -40 20 
-26 -40 20 
-22 -40 20 
-18 -40 20 
-14 -40 20 
-10 -40 20 
-6 -40 20 
-2 -40 20 
2 -40 20 
6 -40 20 
10 -40 20 
14 -40 20 
18 -40 20 
22 -40 20 
26 -40 20 
30 -40 20 
-30 -36 20 
-26 -36 20 
-22 -36 20 
-18 -36 20 
-14 -36 20 
-10 -36 20 
-6 -36 20 
-2 -36 20 
2 -36 20 
6 -36 20 
10 -36 20 
14 -36 20 
18 -36 20 
22 -36 20 
26 -36 20 
30 -36 20 
-30 -32 20 
-26 -32 20 
-22 -32 20 
-18 -32 20 
-14 -32 20 
-10 -32 20 
-6 -32 20 
-2 -32 20 
2 -32 20 
6 -32 20 
10 -32 20 
14 -32 20 
18 -32 20 
22 -32 20 
26 -32 20 
30 -32 20 
-30 -28 20 
-26 -28 20 
-22 -28 20 
-18 -28 20 
-14 -28 20 
-10 -28 20 
-6 -28 20 
-2 -28 20 
2 -28 20 
6 -28 20 
10 -28 20 
14 -28 20 
18 -28 20 
22 -28 20 
26 -28 20 
30 -28 20 
-30 -24 20 
-26 -24 20 
-22 -24 20 
-18 -24 20 
-14 -24 20 
-10 -24 20 
-6 -24 20 
-2 -24 20 
2 -24 20 
6 -24 20 
10 -24 20 
14 -24 20 
18 -24 20 
22 -24 20 
26 -24 20 
30 -24 20 
-30 -20 20 
-26 -20 20 
-22 -20 20 
-18 -20 20 
-14 -20 20 
-10 -20 20 
-6 -20 20 
-2 -20 20 
2 -20 20 
6 -20 20 
10 -20 20 
14 -20 20 
18 -20 20 
22 -20 20 
26 -20 20 
30 -20 20 
-30 -16 20 
-26 -16 20 
-22 -16 20 
-18 -16 20 
-14 -16 20 
-10 -16 20 
-6 -16 20 
-2 -16 20 
2 -16 20 
6 -16 20 
10 -16 20 
14 -16 20 
18 -16 20 
22 -16 20 
26 -16 20 
30 -16 20 
-30 -12 20 
-26 -12 20 
-22 -12 20 
-18 -12 20 
-14 -12 20 
-10 -12 20 
-6 -12 20 
-2 -12 20 
2 -12 20 
6 -12 20 
10 -12 20 
14 -12 20 
18 -12 20 
22 -12 20 
26 -12 20 
30 -12 20 
-30 -8 20 
-26 -8 20 
-22 -8 20 
-18 -8 20 
-14 -8 20 
-10 -8 20 
-6 -8 20 
-2 -8 20 
2 -8 20 
6 -8 20 
10 -8 20 
14 -8 20 
18 -8 20 
22 -8 20 
26 -8 20 
30 -8 20 
-30 -4 20 
-26 -4 20 
-22 -4 20 
-18 -4 20 
-14 -4 20 
-10 -4 20 
-6 -4 20 
-2 -4 20 
2 -4 20 
6 -4 20 
10 -4 20 
14 -4 20 
18 -4 20 
22 -4 20 
26 -4 20 
30 -4 20 
-30 0 20 
-26 0 20 
-22 0 20 
-18 0 20 
-14 0 20 
-10 0 20 
-6 0 20 
-2 0 20 
2 0 20 
6 0 20 
10 0 20 
14 0 20 
18 0 20 
22 0 20 
26 0 20 
30 0 20 
-30 4 20 
-26 4 20 
-22 4 20 
-18 4 20 
-14 4 20 
-10 4 20 
-6 4 20 
-2 4 20 
2 4 20 
6 4 20 
10 4 20 
14 4 20 
18 4 20 
22 4 20 
26 4 20 
30 4 20 
-30 8 20 
-26 8 20 
-22 8 20 
-18 8 20 
-14 8 20 
-10 8 20 
-6 8 20 
-2 8 20 
2 8 20 
6 8 20 
10 8 20 
14 8 20 
18 8 20 
22 8 20 
26 8 20 
30 8 20 
-30 12 20 
-26 12 20 
-22 12 20 
-18 12 20 
-14 12 20 
-10 12 20 
-6 12 20 
-2 12 20 
2 12 20 
6 12 20 
10 12 20 
14 12 20 
18 12 20 
22 12 20 
26 12 20 
30 12 20 
-30 16 20 
-26 16 20 
-22 16 20 
-18 16 20 
-14 16 20 
-10 16 20 
-6 16 20 
-2 16 20 
2 16 20 
6 16 20 
10 16 20 
14 16 20 
18 16 20 
22 16 20 
26 16 20 
30 16 20 
-30 20 20 
-26 20 20 
-22 20 20 
-18 20 20 
-14 20 20 
-10 20 20 
-6 20 20 
-2 20 20 
2 20 20 
6 20 20 
10 20 20 
14 20 20 
18 20 20 
22 20 20 
26 20 20 
30 20 20 
-30 24 20 
-26 24 20 
-22 24 20 
-18 24 20 
-14 24 20 
-10 24 20 
-6 24 20 
-2 24 20 
2 24 20 
6 24 20 
10 24 20 
14 24 20 
18 24 20 
22 24 20 
26 24 20 
30 24 20 
-30 28 20 
-26 28 20 
-22 28 20 
-18 28 20 
-14 28 20 
-10 28 20 
-6 28 20 
-2 28 20 
2 28 20 
6 28 20 
10 28 20 
14 28 20 
18 28 20 
22 28 20 
26 28 20 
30 28 20 
-30 32 20 
-26 32 20 
-22 32 20 
-18 32 20 
-14 32 20 
-10 32 20 
-6 32 20 
-2 32 20 
2 32 20 
6 32 20 
10 32 20 
14 32 20 
18 32 20 
22 32 20 
26 32 20 
30 32 20 
-30 36 20 
-26 36 20 
-22 36 20 
-18 36 20 
-14 36 20 
-10 36 20 
-6 36 20 
-2 36 20 
2 36 20 
6 36 20 
10 36 20 
14 36 20 
18 36 20 
22 36 20 
26 36 20 
30 36 20 
-30 40 20 
-26 40 20 
-22 40 20 
-18 40 20 
-14 40 20 
-10 40 20 
-6 40 20 
-2 40 20 
2 40 20 
6 40 20 
10 40 20 
14 40 20 
18 40 20 
22 40 20 
26 40 20 
30 40 20 
-30 -40 24 
-26 -40 24 
-22 -40 24 
-18 -40 24 
-14 -40 24 
-10 -40 24 
-6 -40 24 
-2 -40 24 
2 -40 24 
6 -40 24 
10 -40 24 
14 -40 24 
18 -40 24 
22 -40 24 
26 -40 24 
30 -40 24 
-30 -36 24 
-26 -36 24 
-22 -36 24 
-18 -36 24 
-14 -36 24 
-10 -36 24 
-6 -36 24 
-2 -36 24 
2 -36 24 
6 -36 24 
10 -36 24 
14 -36 24 
18 -36 24 
22 -36 24 
26 -36 24 
30 -36 24 
-30 -32 24 
-26 -32 24 
-22 -32 24 
-18 -32 24 
-14 -32 24 
-10 -32 24 
-6 -32 24 
-2 -32 24 
2 -32 24 
6 -32 24 
10 -32 24 
14 -32 24 
18 -32 24 
22 -32 24 
26 -32 24 
30 -32 24 
-30 -28 24 
-26 -28 24 
-22 -28 24 
-18 -28 24 
-14 -28 24 
-10 -28 24 
-6 -28 24 
-2 -28 24 
2 -28 24 
6 -28 24 
10 -28 24 
14 -28 24 
18 -28 24 
22 -28 24 
26 -28 24 
30 -28 24 
-30 -24 24 
-26 -24 24 
-22 -24 24 
-18 -24 24 
-14 -24 24 
-10 -24 24 
-6 -24 24 
-2 -24 24 
2 -24 24 
6 -24 24 
10 -24 24 
14 -24 24 
18 -24 24 
22 -24 24 
26 -24 24 
30 -24 24 
-30 -20 24 
-26 -20 24 
-22 -20 24 
-18 -20 24 
-14 -20 24 
-10 -20 24 
-6 -20 24 
-2 -20 24 
2 -20 24 
6 -20 24 
10 -20 24 
14 -20 24 
18 -20 24 
22 -20 24 
26 -20 24 
30 -20 24 
-30 -16 24 
-26 -16 24 
-22 -16 24 
-18 -16 24 
-14 -16 24 
-10 -16 24 
-6 -16 24 
-2 -16 24 
2 -16 24 
6 -16 24 
10 -16 24 
14 -16 24 
18 -16 24 
22 -16 24 
26 -16 24 
30 -16 24 
-30 -12 24 
-26 -12 24 
-22 -12 24 
-18 -12 24 
-14 -12 24 
-10 -12 24 
-6 -12 24 
-2 -12 24 
2 -12 24 
6 -12 24 
10 -12 24 
14 -12 24 
18 -12 24 
22 -12 24 
26 -12 24 
30 -12 24 
-30 -8 24 
-26 -8 24 
-22 -8 24 
-18 -8 24 
-14 -8 24 
-10 -8 24 
-6 -8 24 
-2 -8 24 
2 -8 24 
6 -8 24 
10 -8 24 
14 -8 24 
18 -8 24 
22 -8 24 
26 -8 24 
30 -8 24 
-30 -4 24 
-26 -4 24 
-22 -4 24 
-18 -4 24 
-14 -4 24 
-10 -4 24 
-6 -4 24 
-2 -4 24 
2 -4 24 
6 -4 24 
10 -4 24 
14 -4 24 
18 -4 24 
22 -4 24 
26 -4 24 
30 -4 24 
-30 0 24 
-26 0 24 
-22 0 24 
-18 0 24 
-14 0 24 
-10 0 24 
-6 0 24 
-2 0 24 
2 0 24 
6 0 24 
10 0 24 
14 0 24 
18 0 24 
22 0 24 
26 0 24 
30 0 24 
-30 4 24 
-26 4 24 
-22 4 24 
-18 4 24 
-14 4 24 
-10 4 24 
-6 4 24 
-2 4 24 
2 4 24 
6 4 24 
10 4 24 
14 4 24 
18 4 24 
22 4 24 
26 4 24 
30 4 24 
-30 8 24 
-26 8 24 
-22 8 24 
-18 8 24 
-14 8 24 
-10 8 24 
-6 8 24 
-2 8 24 
2 8 24 
6 8 24 
10 8 24 
14 8 24 
18 8 24 
22 8 24 
26 8 24 
30 8 24 
-30 12 24 
-26 12 24 
-22 12 24 
-18 12 24 
-14 12 24 
-10 12 24 
-6 12 24 
-2 12 24 
2 12 24 
6 12 24 
10 12 24 
14 12 24 
18 12 24 
22 12 24 
26 12 24 
30 12 24 
-30 16 24 
-26 16 24 
-22 16 24 
-18 16 24 
-14 16 24 
-10 16 24 
-6 16 24 
-2 16 24 
2 16 24 
6 16 24 
10 16 24 
14 16 24 
18 16 24 
22 16 24 
26 16 24 
30 16 24 
-30 20 24 
-26 20 24 
-22 20 24 
-18 20 24 
-14 20 24 
-10 20 24 
-6 20 24 
-2 20 24 
2 20 24 
6 20 24 
10 20 24 
14 20 24 
18 20 24 
22 20 24 
26 20 24 
30 20 24 
-30 24 24 
-26 24 24 
-22 24 24 
-18 24 24 
-14 24 24 
-10 24 24 
-6 24 24 
-2 24 24 
2 24 24 
6 24 24 
10 24 24 
14 24 24 
18 24 24 
22 24 24 
26 24 24 
30 24 24 
-30 28 24 
-26 28 24 
-22 28 24 
-18 28 24 
-14 28 24 
-10 28 24 
-6 28 24 
-2 28 24 
2 28 24 
6 28 24 
10 28 24 
14 28 24 
18 28 24 
22 28 24 
26 28 24 
30 28 24 
-30 32 24 
-26 32 24 
-22 32 24 
-18 32 24 
-14 32 24 
-10 32 24 
-6 32 24 
-2 32 24 
2 32 24 
6 32 24 
10 32 24 
14 32 24 
18 32 24 
22 32 24 
26 32 24 
30 32 24 
-30 36 24 
-26 36 24 
-22 36 24 
-18 36 24 
-14 36 24 
-10 36 24 
-6 36 24 
-2 36 24 
2 36 24 
6 36 24 
10 36 24 
14 36 24 
18 36 24 
22 36 24 
26 36 24 
30 36 24 
-30 40 24 
-26 40 24 
-22 40 24 
-18 40 24 
-14 40 24 
-10 40 24 
-6 40 24 
-2 40 24 
2 40 24 
6 40 24 
10 40 24 
14 40 24 
18 40 24 
22 40 24 
26 40 24 
30 40 24 
-30 -40 28 
-26 -40 28 
-22 -40 28 
-18 -40 28 
-14 -40 28 
-10 -40 28 
-6 -40 28 
-2 -40 28 
2 -40 28 
6 -40 28 
10 -40 28 
14 -40 28 
18 -40 28 
22 -40 28 
26 -40 28 
30 -40 28 
-30 -36 28 
-26 -36 28 
-22 -36 28 
-18 -36 28 
-14 -36 28 
-10 -36 28 
-6 -36 28 
-2 -36 28 
2 -36 28 
6 -36 28 
10 -36 28 
14 -36 28 
18 -36 28 
22 -36 28 
26 -36 28 
30 -36 28 
-30 -32 28 
-26 -32 28 
-22 -32 28 
-18 -32 28 
-14 -32 28 
-10 -32 28 
-6 -32 28 
-2 -32 28 
2 -32 28 
6 -32 28 
10 -32 28 
14 -32 28 
18 -32 28 
22 -32 28 
26 -32 28 
30 -32 28 
-30 -28 28 
-26 -28 28 
-22 -28 28 
-18 -28 28 
-14 -28 28 
-10 -28 28 
-6 -28 28 
-2 -28 28 
2 -28 28 
6 -28 28 
10 -28 28 
14 -28 28 
18 -28 28 
22 -28 28 
26 -28 28 
30 -28 28 
-30 -24 28 
-26 -24 28 
-22 -24 28 
-18 -24 28 
-14 -24 28 
-10 -24 28 
-6 -24 28 
-2 -24 28 
2 -24 28 
6 -24 28 
10 -24 28 
14 -24 28 
18 -24 28 
22 -24 28 
26 -24 28 
30 -24 28 
-30 -20 28 
-26 -20 28 
-22 -20 28 
-18 -20 28 
-14 -20 28 
-10 -20 28 
-6 -20 28 
-2 -20 28 
2 -20 28 
6 -20 28 
10 -20 28 
14 -20 28 
18 -20 28 
22 -20 28 
26 -20 28 
30 -20 28 
-30 -16 28 
-26 -16 28 
-22 -16 28 
-18 -16 28 
-14 -16 28 
-10 -16 28 
-6 -16 28 
-2 -16 28 
2 -16 28 
6 -16 28 
10 -16 28 
14 -16 28 
18 -16 28 
22 -16 28 
26 -16 28 
30 -16 28 
-30 -12 28 
-26 -12 28 
-22 -12 28 
-18 -12 28 
-14 -12 28 
-10 -12 28 
-6 -12 28 
-2 -12 28 
2 -12 28 
6 -12 28 
10 -12 28 
14 -12 28 
18 -12 28 
22 -12 28 
26 -12 28 
30 -12 28 
-30 -8 28 
-26 -8 28 
-22 -8 28 
-18 -8 28 
-14 -8 28 
-10 -8 28 
-6 -8 28 
-2 -8 28 
2 -8 28 
6 -8 28 
10 -8 28 
14 -8 28 
18 -8 28 
22 -8 28 
26 -8 28 
30 -8 28 
-30 -4 28 
-26 -4 28 
-22 -4 28 
-18 -4 28 
-14 -4 28 
-10 -4 28 
-6 -4 28 
-2 -4 28 
2 -4 28 
6 -4 28 
10 -4 28 
14 -4 28 
18 -4 28 
22 -4 28 
26 -4 28 
30 -4 28 
-30 0 28 
-26 0 28 
-22 0 28 
-18 0 28 
-14 0 28 
-10 0 28 
-6 0 28 
-2 0 28 
2 0 28 
6 0 28 
10 0 28 
14 0 28 
18 0 28 
22 0 28 
26 0 28 
30 0 28 
-30 4 28 
-26 4 28 
-22 4 28 
-18 4 28 
-14 4 28 
-10 4 28 
-6 4 28 
-2 4 28 
2 4 28 
6 4 28 
10 4 28 
14 4 28 
18 4 28 
22 4 28 
26 4 28 
30 4 28 
-30 8 28 
-26 8 28 
-22 8 28 
-18 8 28 
-14 8 28 
-10 8 28 
-6 8 28 
-2 8 28 
2 8 28 
6 8 28 
10 8 28 
14 8 28 
18 8 28 
22 8 28 
26 8 28 
30 8 28 
-30 12 28 
-26 12 28 
-22 12 28 
-18 12 28 
-14 12 28 
-10 12 28 
-6 12 28 
-2 12 28 
2 12 28 
6 12 28 
10 12 28 
14 12 28 
18 12 28 
22 12 28 
26 12 28 
30 12 28 
-30 16 28 
-26 16 28 
-22 16 28 
-18 16 28 
-14 16 28 
-10 16 28 
-6 16 28 
-2 16 28 
2 16 28 
6 16 28 
10 16 28 
14 16 28 
18 16 28 
22 16 28 
26 16 28 
30 16 28 
-30 20 28 
-26 20 28 
-22 20 28 
-18 20 28 
-14 20 28 
-10 20 28 
-6 20 28 
-2 20 28 
2 20 28 
6 20 28 
10 20 28 
14 20 28 
18 20 28 
22 20 28 
26 20 28 
30 20 28 
-30 24 28 
-26 24 28 
-22 24 28 
-18 24 28 
-14 24 28 
-10 24 28 
-6 24 28 
-2 24 28 
2 24 28 
6 24 28 
10 24 28 
14 24 28 
18 24 28 
22 24 28 
26 24 28 
30 24 28 
-30 28 28 
-26 28 28 
-22 28 28 
-18 28 28 
-14 28 28 
-10 28 28 
-6 28 28 
-2 28 28 
2 28 28 
6 28 28 
10 28 28 
14 28 28 
18 28 28 
22 28 28 
26 28 28 
30 28 28 
-30 32 28 
-26 32 28 
-22 32 28 
-18 32 28 
-14 32 28 
-10 32 28 
-6 32 28 
-2 32 28 
2 32 28 
6 32 28 
10 32 28 
14 32 28 
18 32 28 
22 32 28 
26 32 28 
30 32 28 
-30 36 28 
-26 36 28 
-22 36 28 
-18 36 28 
-14 36 28 
-10 36 28 
-6 36 28 
-2 36 28 
2 36 28 
6 36 28 
10 36 28 
14 36 28 
18 36 28 
22 36 28 
26 36 28 
30 36 28 
-30 40 28 
-26 40 28 
-22 40 28 
-18 40 28 
-14 40 28 
-10 40 28 
-6 40 28 
-2 40 28 
2 40 28 
6 40 28 
10 40 28 
14 40 28 
18 40 28 
22 40 28 
26 40 28 
30 40 28 
-30 -40 32 
-26 -40 32 
-22 -40 32 
-18 -40 32 
-14 -40 32 
-10 -40 32 
-6 -40 32 
-2 -40 32 
2 -40 32 
6 -40 32 
10 -40 32 
14 -40 32 
18 -40 32 
22 -40 32 
26 -40 32 
30 -40 32 
-30 -36 32 
-26 -36 32 
-22 -36 32 
-18 -36 32 
-14 -36 32 
-10 -36 32 
-6 -36 32 
-2 -36 32 
2 -36 32 
6 -36 32 
10 -36 32 
14 -36 32 
18 -36 32 
22 -36 32 
26 -36 32 
30 -36 32 
-30 -32 32 
-26 -32 32 
-22 -32 32 
-18 -32 32 
-14 -32 32 
-10 -32 32 
-6 -32 32 
-2 -32 32 
2 -32 32 
6 -32 32 
10 -32 32 
14 -32 32 
18 -32 32 
22 -32 32 
26 -32 32 
30 -32 32 
-30 -28 32 
-26 -28 32 
-22 -28 32 
-18 -28 32 
-14 -28 32 
-10 -28 32 
-6 -28 32 
-2 -28 32 
2 -28 32 
6 -28 32 
10 -28 32 
14 -28 32 
18 -28 32 
22 -28 32 
26 -28 32 
30 -28 32 
-30 -24 32 
-26 -24 32 
-22 -24 32 
-18 -24 32 
-14 -24 32 
-10 -24 32 
-6 -24 32 
-2 -24 32 
2 -24 32 
6 -24 32 
10 -24 32 
14 -24 32 
18 -24 32 
22 -24 32 
26 -24 32 
30 -24 32 
-30 -20 32 
-26 -20 32 
-22 -20 32 
-18 -20 32 
-14 -20 32 
-10 -20 32 
-6 -20 32 
-2 -20 32 
2 -20 32 
6 -20 32 
10 -20 32 
14 -20 32 
18 -20 32 
22 -20 32 
26 -20 32 
30 -20 32 
-30 -16 32 
-26 -16 32 
-22 -16 32 
-18 -16 32 
-14 -16 32 
-10 -16 32 
-6 -16 32 
-2 -16 32 
2 -16 32 
6 -16 32 
10 -16 32 
14 -16 32 
18 -16 32 
22 -16 32 
26 -16 32 
30 -16 32 
-30 -12 32 
-26 -12 32 
-22 -12 32 
-18 -12 32 
-14 -12 32 
-10 -12 32 
-6 -12 32 
-2 -12 32 
2 -12 32 
6 -12 32 
10 -12 32 
14 -12 32 
18 -12 32 
22 -12 32 
26 -12 32 
30 -12 32 
-30 -8 32 
-26 -8 32 
-22 -8 32 
-18 -8 32 
-14 -8 32 
-10 -8 32 
-6 -8 32 
-2 -8 32 
2 -8 32 
6 -8 32 
10 -8 32 
14 -8 32 
18 -8 32 
22 -8 32 
26 -8 32 
30 -8 32 
-30 -4 32 
-26 -4 32 
-22 -4 32 
-18 -4 32 
-14 -4 32 
-10 -4 32 
-6 -4 32 
-2 -4 32 
2 -4 32 
6 -4 32 
10 -4 32 
14 -4 32 
18 -4 32 
22 -4 32 
26 -4 32 
30 -4 32 
-30 0 32 
-26 0 32 
-22 0 32 
-18 0 32 
-14 0 32 
-10 0 32 
-6 0 32 
-2 0 32 
2 0 32 
6 0 32 
10 0 32 
14 0 32 
18 0 32 
22 0 32 
26 0 32 
30 0 32 
-30 4 32 
-26 4 32 
-22 4 32 
-18 4 32 
-14 4 32 
-10 4 32 
-6 4 32 
-2 4 32 
2 4 32 
6 4 32 
10 4 32 
14 4 32 
18 4 32 
22 4 32 
26 4 32 
30 4 32 
-30 8 32 
-26 8 32 
-22 8 32 
-18 8 32 
-14 8 32 
-10 8 32 
-6 8 32 
-2 8 32 
2 8 32 
6 8 32 
10 8 32 
14 8 32 
18 8 32 
22 8 32 
26 8 32 
30 8 32 
-30 12 32 
-26 12 32 
-22 12 32 
-18 12 32 
-14 12 32 
-10 12 32 
-6 12 32 
-2 12 32 
2 12 32 
6 12 32 
10 12 32 
14 12 32 
18 12 32 
22 12 32 
26 12 32 
30 12 32 
-30 16 32 
-26 16 32 
-22 16 32 
-18 16 32 
-14 16 32 
-10 16 32 
-6 16 32 
-2 16 32 
2 16 32 
6 16 32 
10 16 32 
14 16 32 
18 16 32 
22 16 32 
26 16 32 
30 16 32 
-30 20 32 
-26 20 32 
-22 20 32 
-18 20 32 
-14 20 32 
-10 20 32 
-6 20 32 
-2 20 32 
2 20 32 
6 20 32 
10 20 32 
14 20 32 
18 20 32 
22 20 32 
26 20 32 
30 20 32 
-30 24 32 
-26 24 32 
-22 24 32 
-18 24 32 
-14 24 32 
-10 24 32 
-6 24 32 
-2 24 32 
2 24 32 
6 24 32 
10 24 32 
14 24 32 
18 24 32 
22 24 32 
26 24 32 
30 24 32 
-30 28 32 
-26 28 32 
-22 28 32 
-18 28 32 
-14 28 32 
-10 28 32 
-6 28 32 
-2 28 32 
2 28 32 
6 28 32 
10 28 32 
14 28 32 
18 28 32 
22 28 32 
26 28 32 
30 28 32 
-30 32 32 
-26 32 32 
-22 32 32 
-18 32 32 
-14 32 32 
-10 32 32 
-6 32 32 
-2 32 32 
2 32 32 
6 32 32 
10 32 32 
14 32 32 
18 32 32 
22 32 32 
26 32 32 
30 32 32 
-30 36 32 
-26 36 32 
-22 36 32 
-18 36 32 
-14 36 32 
-10 36 32 
-6 36 32 
-2 36 32 
2 36 32 
6 36 32 
10 36 32 
14 36 32 
18 36 32 
22 36 32 
26 36 32 
30 36 32 
-30 40 32 
-26 40 32 
-22 40 32 
-18 40 32 
-14 40 32 
-10 40 32 
-6 40 32 
-2 40 32 
2 40 32 
6 40 32 
10 40 32 
14 40 32 
18 40 32 
22 40 32 
26 40 32 
30 40 32 
-30 -40 36 
-26 -40 36 
-22 -40 36 
-18 -40 36 
-14 -40 36 
-10 -40 36 
-6 -40 36 
-2 -40 36 
2 -40 36 
6 -40 36 
10 -40 36 
14 -40 36 
18 -40 36 
22 -40 36 
26 -40 36 
30 -40 36 
-30 -36 36 
-26 -36 36 
-22 -36 36 
-18 -36 36 
-14 -36 36 
-10 -36 36 
-6 -36 36 
-2 -36 36 
2 -36 36 
6 -36 36 
10 -36 36 
14 -36 36 
18 -36 36 
22 -36 36 
26 -36 36 
30 -36 36 
-30 -32 36 
-26 -32 36 
-22 -32 36 
-18 -32 36 
-14 -32 36 
-10 -32 36 
-6 -32 36 
-2 -32 36 
2 -32 36 
6 -32 36 
10 -32 36 
14 -32 36 
18 -32 36 
22 -32 36 
26 -32 36 
30 -32 36 
-30 -28 36 
-26 -28 36 
-22 -28 36 
-18 -28 36 
-14 -28 36 
-10 -28 36 
-6 -28 36 
-2 -28 36 
2 -28 36 
6 -28 36 
10 -28 36 
14 -28 36 
18 -28 36 
22 -28 36 
26 -28 36 
30 -28 36 
-30 -24 36 
-26 -24 36 
-22 -24 36 
-18 -24 36 
-14 -24 36 
-10 -24 36 
-6 -24 36 
-2 -24 36 
2 -24 36 
6 -24 36 
10 -24 36 
14 -24 36 
18 -24 36 
22 -24 36 
26 -24 36 
30 -24 36 
-30 -20 36 
-26 -20 36 
-22 -20 36 
-18 -20 36 
-14 -20 36 
-10 -20 36 
-6 -20 36 
-2 -20 36 
2 -20 36 
6 -20 36 
10 -20 36 
14 -20 36 
18 -20 36 
22 -20 36 
26 -20 36 
30 -20 36 
-30 -16 36 
-26 -16 36 
-22 -16 36 
-18 -16 36 
-14 -16 36 
-10 -16 36 
-6 -16 36 
-2 -16 36 
2 -16 36 
6 -16 36 
10 -16 36 
14 -16 36 
18 -16 36 
22 -16 36 
26 -16 36 
30 -16 36 
-30 -12 36 
-26 -12 36 
-22 -12 36 
-18 -12 36 
-14 -12 36 
-10 -12 36 
-6 -12 36 
-2 -12 36 
2 -12 36 
6 -12 36 
10 -12 36 
14 -12 36 
18 -12 36 
22 -12 36 
26 -12 36 
30 -12 36 
-30 -8 36 
-26 -8 36 
-22 -8 36 
-18 -8 36 
-14 -8 36 
-10 -8 36 
-6 -8 36 
-2 -8 36 
2 -8 36 
6 -8 36 
10 -8 36 
14 -8 36 
18 -8 36 
22 -8 36 
26 -8 36 
30 -8 36 
-30 -4 36 
-26 -4 36 
-22 -4 36 
-18 -4 36 
-14 -4 36 
-10 -4 36 
-6 -4 36 
-2 -4 36 
2 -4 36 
6 -4 36 
10 -4 36 
14 -4 36 
18 -4 36 
22 -4 36 
26 -4 36 
30 -4 36 
-30 0 36 
-26 0 36 
-22 0 36 
-18 0 36 
-14 0 36 
-10 0 36 
-6 0 36 
-2 0 36 
2 0 36 
6 0 36 
10 0 36 
14 0 36 
18 0 36 
22 0 36 
26 0 36 
30 0 36 
-30 4 36 
-26 4 36 
-22 4 36 
-18 4 36 
-14 4 36 
-10 4 36 
-6 4 36 
-2 4 36 
2 4 36 
6 4 36 
10 4 36 
14 4 36 
18 4 36 
22 4 36 
26 4 36 
30 4 36 
-30 8 36 
-26 8 36 
-22 8 36 
-18 8 36 
-14 8 36 
-10 8 36 
-6 8 36 
-2 8 36 
2 8 36 
6 8 36 
10 8 36 
14 8 36 
18 8 36 
22 8 36 
26 8 36 
30 8 36 
-30 12 36 
-26 12 36 
-22 12 36 
-18 12 36 
-14 12 36 
-10 12 36 
-6 12 36 
-2 12 36 
2 12 36 
6 12 36 
10 12 36 
14 12 36 
18 12 36 
22 12 36 
26 12 36 
30 12 36 
-30 16 36 
-26 16 36 
-22 16 36 
-18 16 36 
-14 16 36 
-10 16 36 
-6 16 36 
-2 16 36 
2 16 36 
6 16 36 
10 16 36 
14 16 36 
18 16 36 
22 16 36 
26 16 36 
30 16 36 
-30 20 36 
-26 20 36 
-22 20 36 
-18 20 36 
-14 20 36 
-10 20 36 
-6 20 36 
-2 20 36 
2 20 36 
6 20 36 
10 20 36 
14 20 36 
18 20 36 
22 20 36 
26 20 36 
30 20 36 
-30 24 36 
-26 24 36 
-22 24 36 
-18 24 36 
-14 24 36 
-10 24 36 
-6 24 36 
-2 24 36 
2 24 36 
6 24 36 
10 24 36 
14 24 36 
18 24 36 
22 24 36 
26 24 36 
30 24 36 
-30 28 36 
-26 28 36 
-22 28 36 
-18 28 36 
-14 28 36 
-10 28 36 
-6 28 36 
-2 28 36 
2 28 36 
6 28 36 
10 28 36 
14 28 36 
18 28 36 
22 28 36 
26 28 36 
30 28 36 
-30 32 36 
-26 32 36 
-22 32 36 
-18 32 36 
-14 32 36 
-10 32 36 
-6 32 36 
-2 32 36 
2 32 36 
6 32 36 
10 32 36 
14 32 36 
18 32 36 
22 32 36 
26 32 36 
30 32 36 
-30 36 36 
-26 36 36 
-22 36 36 
-18 36 36 
-14 36 36 
-10 36 36 
-6 36 36 
-2 36 36 
2 36 36 
6 36 36 
10 36 36 
14 36 36 
18 36 36 
22 36 36 
26 36 36 
30 36 36 
-30 40 36 
-26 40 36 
-22 40 36 
-18 40 36 
-14 40 36 
-10 40 36 
-6 40 36 
-2 40 36 
2 40 36 
6 40 36 
10 40 36 
14 40 36 
18 40 36 
22 40 36 
26 40 36 
30 40 36 
-30 -40 40 
-26 -40 40 
-22 -40 40 
-18 -40 40 
-14 -40 40 
-10 -40 40 
-6 -40 40 
-2 -40 40 
2 -40 40 
6 -40 40 
10 -40 40 
14 -40 40 
18 -40 40 
22 -40 40 
26 -40 40 
30 -40 40 
-30 -36 40 
-26 -36 40 
-22 -36 40 
-18 -36 40 
-14 -36 40 
-10 -36 40 
-6 -36 40 
-2 -36 40 
2 -36 40 
6 -36 40 
10 -36 40 
14 -36 40 
18 -36 40 
22 -36 40 
26 -36 40 
30 -36 40 
-30 -32 40 
-26 -32 40 
-22 -32 40 
-18 -32 40 
-14 -32 40 
-10 -32 40 
-6 -32 40 
-2 -32 40 
2 -32 40 
6 -32 40 
10 -32 40 
14 -32 40 
18 -32 40 
22 -32 40 
26 -32 40 
30 -32 40 
-30 -28 40 
-26 -28 40 
-22 -28 40 
-18 -28 40 
-14 -28 40 
-10 -28 40 
-6 -28 40 
-2 -28 40 
2 -28 40 
6 -28 40 
10 -28 40 
14 -28 40 
18 -28 40 
22 -28 40 
26 -28 40 
30 -28 40 
-30 -24 40 
-26 -24 40 
-22 -24 40 
-18 -24 40 
-14 -24 40 
-10 -24 40 
-6 -24 40 
-2 -24 40 
2 -24 40 
6 -24 40 
10 -24 40 
14 -24 40 
18 -24 40 
22 -24 40 
26 -24 40 
30 -24 40 
-30 -20 40 
-26 -20 40 
-22 -20 40 
-18 -20 40 
-14 -20 40 
-10 -20 40 
-6 -20 40 
-2 -20 40 
2 -20 40 
6 -20 40 
10 -20 40 
14 -20 40 
18 -20 40 
22 -20 40 
26 -20 40 
30 -20 40 
-30 -16 40 
-26 -16 40 
-22 -16 40 
-18 -16 40 
-14 -16 40 
-10 -16 40 
-6 -16 40 
-2 -16 40 
2 -16 40 
6 -16 40 
10 -16 40 
14 -16 40 
18 -16 40 
22 -16 40 
26 -16 40 
30 -16 40 
-30 -12 40 
-26 -12 40 
-22 -12 40 
-18 -12 40 
-14 -12 40 
-10 -12 40 
-6 -12 40 
-2 -12 40 
2 -12 40 
6 -12 40 
10 -12 40 
14 -12 40 
18 -12 40 
22 -12 40 
26 -12 40 
30 -12 40 
-30 -8 40 
-26 -8 40 
-22 -8 40 
-18 -8 40 
-14 -8 40 
-10 -8 40 
-6 -8 40 
-2 -8 40 
2 -8 40 
6 -8 40 
10 -8 40 
14 -8 40 
18 -8 40 
22 -8 40 
26 -8 40 
30 -8 40 
-30 -4 40 
-26 -4 40 
-22 -4 40 
-18 -4 40 
-14 -4 40 
-10 -4 40 
-6 -4 40 
-2 -4 40 
2 -4 40 
6 -4 40 
10 -4 40 
14 -4 40 
18 -4 40 
22 -4 40 
26 -4 40 
30 -4 40 
-30 0 40 
-26 0 40 
-22 0 40 
-18 0 40 
-14 0 40 
-10 0 40 
-6 0 40 
-2 0 40 
2 0 40 
6 0 40 
10 0 40 
14 0 40 
18 0 40 
22 0 40 
26 0 40 
30 0 40 
-30 4 40 
-26 4 40 
-22 4 40 
-18 4 40 
-14 4 40 
-10 4 40 
-6 4 40 
-2 4 40 
2 4 40 
6 4 40 
10 4 40 
14 4 40 
18 4 40 
22 4 40 
26 4 40 
30 4 40 
-30 8 40 
-26 8 40 
-22 8 40 
-18 8 40 
-14 8 40 
-10 8 40 
-6 8 40 
-2 8 40 
2 8 40 
6 8 40 
10 8 40 
14 8 40 
18 8 40 
22 8 40 
26 8 40 
30 8 40 
-30 12 40 
-26 12 40 
-22 12 40 
-18 12 40 
-14 12 40 
-10 12 40 
-6 12 40 
-2 12 40 
2 12 40 
6 12 40 
10 12 40 
14 12 40 
18 12 40 
22 12 40 
26 12 40 
30 12 40 
-30 16 40 
-26 16 40 
-22 16 40 
-18 16 40 
-14 16 40 
-10 16 40 
-6 16 40 
-2 16 40 
2 16 40 
6 16 40 
10 16 40 
14 16 40 
18 16 40 
22 16 40 
26 16 40 
30 16 40 
-30 20 40 
-26 20 40 
-22 20 40 
-18 20 40 
-14 20 40 
-10 20 40 
-6 20 40 
-2 20 40 
2 20 40 
6 20 40 
10 20 40 
14 20 40 
18 20 40 
22 20 40 
26 20 40 
30 20 40 
-30 24 40 
-26 24 40 
-22 24 40 
-18 24 40 
-14 24 40 
-10 24 40 
-6 24 40 
-2 24 40 
2 24 40 
6 24 40 
10 24 40 
14 24 40 
18 24 40 
22 24 40 
26 24 40 
30 24 40 
-30 28 40 
-26 28 40 
-22 28 40 
-18 28 40 
-14 28 40 
-10 28 40 
-6 28 40 
-2 28 40 
2 28 40 
6 28 40 
10 28 40 
14 28 40 
18 28 40 
22 28 40 
26 28 40 
30 28 40 
-30 32 40 
-26 32 40 
-22 32 40 
-18 32 40 
-14 32 40 
-10 32 40 
-6 32 40 
-2 32 40 
2 32 40 
6 32 40 
10 32 40 
14 32 40 
18 32 40 
22 32 40 
26 32 40 
30 32 40 
-30 36 40 
-26 36 40 
-22 36 40 
-18 36 40 
-14 36 40 
-10 36 40 
-6 36 40 
-2 36 40 
2 36 40 
6 36 40 
10 36 40 
14 36 40 
18 36 40 
22 36 40 
26 36 40 
30 36 40 
-30 40 40 
-26 40 40 
-22 40 40 
-18 40 40 
-14 40 40 
-10 40 40 
-6 40 40 
-2 40 40 
2 40 40 
6 40 40 
10 40 40 
14 40 40 
18 40 40 
22 40 40 
26 40 40 
30 40 40 
-30 -40 44 
-26 -40 44 
-22 -40 44 
-18 -40 44 
-14 -40 44 
-10 -40 44 
-6 -40 44 
-2 -40 44 
2 -40 44 
6 -40 44 
10 -40 44 
14 -40 44 
18 -40 44 
22 -40 44 
26 -40 44 
30 -40 44 
-30 -36 44 
-26 -36 44 
-22 -36 44 
-18 -36 44 
-14 -36 44 
-10 -36 44 
-6 -36 44 
-2 -36 44 
2 -36 44 
6 -36 44 
10 -36 44 
14 -36 44 
18 -36 44 
22 -36 44 
26 -36 44 
30 -36 44 
-30 -32 44 
-26 -32 44 
-22 -32 44 
-18 -32 44 
-14 -32 44 
-10 -32 44 
-6 -32 44 
-2 -32 44 
2 -32 44 
6 -32 44 
10 -32 44 
14 -32 44 
18 -32 44 
22 -32 44 
26 -32 44 
30 -32 44 
-30 -28 44 
-26 -28 44 
-22 -28 44 
-18 -28 44 
-14 -28 44 
-10 -28 44 
-6 -28 44 
-2 -28 44 
2 -28 44 
6 -28 44 
10 -28 44 
14 -28 44 
18 -28 44 
22 -28 44 
26 -28 44 
30 -28 44 
-30 -24 44 
-26 -24 44 
-22 -24 44 
-18 -24 44 
-14 -24 44 
-10 -24 44 
-6 -24 44 
-2 -24 44 
2 -24 44 
6 -24 44 
10 -24 44 
14 -24 44 
18 -24 44 
22 -24 44 
26 -24 44 
30 -24 44 
-30 -20 44 
-26 -20 44 
-22 -20 44 
-18 -20 44 
-14 -20 44 
-10 -20 44 
-6 -20 44 
-2 -20 44 
2 -20 44 
6 -20 44 
10 -20 44 
14 -20 44 
18 -20 44 
22 -20 44 
26 -20 44 
30 -20 44 
-30 -16 44 
-26 -16 44 
-22 -16 44 
-18 -16 44 
-14 -16 44 
-10 -16 44 
-6 -16 44 
-2 -16 44 
2 -16 44 
6 -16 44 
10 -16 44 
14 -16 44 
18 -16 44 
22 -16 44 
26 -16 44 
30 -16 44 
-30 -12 44 
-26 -12 44 
-22 -12 44 
-18 -12 44 
-14 -12 44 
-10 -12 44 
-6 -12 44 
-2 -12 44 
2 -12 44 
6 -12 44 
10 -12 44 
14 -12 44 
18 -12 44 
22 -12 44 
26 -12 44 
30 -12 44 
-30 -8 44 
-26 -8 44 
-22 -8 44 
-18 -8 44 
-14 -8 44 
-10 -8 44 
-6 -8 44 
-2 -8 44 
2 -8 44 
6 -8 44 
10 -8 44 
14 -8 44 
18 -8 44 
22 -8 44 
26 -8 44 
30 -8 44 
-30 -4 44 
-26 -4 44 
-22 -4 44 
-18 -4 44 
-14 -4 44 
-10 -4 44 
-6 -4 44 
-2 -4 44 
2 -4 44 
6 -4 44 
10 -4 44 
14 -4 44 
18 -4 44 
22 -4 44 
26 -4 44 
30 -4 44 
-30 0 44 
-26 0 44 
-22 0 44 
-18 0 44 
-14 0 44 
-10 0 44 
-6 0 44 
-2 0 44 
2 0 44 
6 0 44 
10 0 44 
14 0 44 
18 0 44 
22 0 44 
26 0 44 
30 0 44 
-30 4 44 
-26 4 44 
-22 4 44 
-18 4 44 
-14 4 44 
-10 4 44 
-6 4 44 
-2 4 44 
2 4 44 
6 4 44 
10 4 44 
14 4 44 
18 4 44 
22 4 44 
26 4 44 
30 4 44 
-30 8 44 
-26 8 44 
-22 8 44 
-18 8 44 
-14 8 44 
-10 8 44 
-6 8 44 
-2 8 44 
2 8 44 
6 8 44 
10 8 44 
14 8 44 
18 8 44 
22 8 44 
26 8 44 
30 8 44 
-30 12 44 
-26 12 44 
-22 12 44 
-18 12 44 
-14 12 44 
-10 12 44 
-6 12 44 
-2 12 44 
2 12 44 
6 12 44 
10 12 44 
14 12 44 
18 12 44 
22 12 44 
26 12 44 
30 12 44 
-30 16 44 
-26 16 44 
-22 16 44 
-18 16 44 
-14 16 44 
-10 16 44 
-6 16 44 
-2 16 44 
2 16 44 
6 16 44 
10 16 44 
14 16 44 
18 16 44 
22 16 44 
26 16 44 
30 16 44 
-30 20 44 
-26 20 44 
-22 20 44 
-18 20 44 
-14 20 44 
-10 20 44 
-6 20 44 
-2 20 44 
2 20 44 
6 20 44 
10 20 44 
14 20 44 
18 20 44 
22 20 44 
26 20 44 
30 20 44 
-30 24 44 
-26 24 44 
-22 24 44 
-18 24 44 
-14 24 44 
-10 24 44 
-6 24 44 
-2 24 44 
2 24 44 
6 24 44 
10 24 44 
14 24 44 
18 24 44 
22 24 44 
26 24 44 
30 24 44 
-30 28 44 
-26 28 44 
-22 28 44 
-18 28 44 
-14 28 44 
-10 28 44 
-6 28 44 
-2 28 44 
2 28 44 
6 28 44 
10 28 44 
14 28 44 
18 28 44 
22 28 44 
26 28 44 
30 28 44 
-30 32 44 
-26 32 44 
-22 32 44 
-18 32 44 
-14 32 44 
-10 32 44 
-6 32 44 
-2 32 44 
2 32 44 
6 32 44 
10 32 44 
14 32 44 
18 32 44 
22 32 44 
26 32 44 
30 32 44 
-30 36 44 
-26 36 44 
-22 36 44 
-18 36 44 
-14 36 44 
-10 36 44 
-6 36 44 
-2 36 44 
2 36 44 
6 36 44 
10 36 44 
14 36 44 
18 36 44 
22 36 44 
26 36 44 
30 36 44 
-30 40 44 
-26 40 44 
-22 40 44 
-18 40 44 
-14 40 44 
-10 40 44 
-6 40 44 
-2 40 44 
2 40 44 
6 40 44 
10 40 44 
14 40 44 
18 40 44 
22 40 44 
26 40 44 
30 40 44 
-30 -40 48 
-26 -40 48 
-22 -40 48 
-18 -40 48 
-14 -40 48 
-10 -40 48 
-6 -40 48 
-2 -40 48 
2 -40 48 
6 -40 48 
10 -40 48 
14 -40 48 
18 -40 48 
22 -40 48 
26 -40 48 
30 -40 48 
-30 -36 48 
-26 -36 48 
-22 -36 48 
-18 -36 48 
-14 -36 48 
-10 -36 48 
-6 -36 48 
-2 -36 48 
2 -36 48 
6 -36 48 
10 -36 48 
14 -36 48 
18 -36 48 
22 -36 48 
26 -36 48 
30 -36 48 
-30 -32 48 
-26 -32 48 
-22 -32 48 
-18 -32 48 
-14 -32 48 
-10 -32 48 
-6 -32 48 
-2 -32 48 
2 -32 48 
6 -32 48 
10 -32 48 
14 -32 48 
18 -32 48 
22 -32 48 
26 -32 48 
30 -32 48 
-30 -28 48 
-26 -28 48 
-22 -28 48 
-18 -28 48 
-14 -28 48 
-10 -28 48 
-6 -28 48 
-2 -28 48 
2 -28 48 
6 -28 48 
10 -28 48 
14 -28 48 
18 -28 48 
22 -28 48 
26 -28 48 
30 -28 48 
-30 -24 48 
-26 -24 48 
-22 -24 48 
-18 -24 48 
-14 -24 48 
-10 -24 48 
-6 -24 48 
-2 -24 48 
2 -24 48 
6 -24 48 
10 -24 48 
14 -24 48 
18 -24 48 
22 -24 48 
26 -24 48 
30 -24 48 
-30 -20 48 
-26 -20 48 
-22 -20 48 
-18 -20 48 
-14 -20 48 
-10 -20 48 
-6 -20 48 
-2 -20 48 
2 -20 48 
6 -20 48 
10 -20 48 
14 -20 48 
18 -20 48 
22 -20 48 
26 -20 48 
30 -20 48 
-30 -16 48 
-26 -16 48 
-22 -16 48 
-18 -16 48 
-14 -16 48 
-10 -16 48 
-6 -16 48 
-2 -16 48 
2 -16 48 
6 -16 48 
10 -16 48 
14 -16 48 
18 -16 48 
22 -16 48 
26 -16 48 
30 -16 48 
-30 -12 48 
-26 -12 48 
-22 -12 48 
-18 -12 48 
-14 -12 48 
-10 -12 48 
-6 -12 48 
-2 -12 48 
2 -12 48 
6 -12 48 
10 -12 48 
14 -12 48 
18 -12 48 
22 -12 48 
26 -12 48 
30 -12 48 
-30 -8 48 
-26 -8 48 
-22 -8 48 
-18 -8 48 
-14 -8 48 
-10 -8 48 
-6 -8 48 
-2 -8 48 
2 -8 48 
6 -8 48 
10 -8 48 
14 -8 48 
18 -8 48 
22 -8 48 
26 -8 48 
30 -8 48 
-30 -4 48 
-26 -4 48 
-22 -4 48 
-18 -4 48 
-14 -4 48 
-10 -4 48 
-6 -4 48 
-2 -4 48 
2 -4 48 
6 -4 48 
10 -4 48 
14 -4 48 
18 -4 48 
22 -4 48 
26 -4 48 
30 -4 48 
-30 0 48 
-26 0 48 
-22 0 48 
-18 0 48 
-14 0 48 
-10 0 48 
-6 0 48 
-2 0 48 
2 0 48 
6 0 48 
10 0 48 
14 0 48 
18 0 48 
22 0 48 
26 0 48 
30 0 48 
-30 4 48 
-26 4 48 
-22 4 48 
-18 4 48 
-14 4 48 
-10 4 48 
-6 4 48 
-2 4 48 
2 4 48 
6 4 48 
10 4 48 
14 4 48 
18 4 48 
22 4 48 
26 4 48 
30 4 48 
-30 8 48 
-26 8 48 
-22 8 48 
-18 8 48 
-14 8 48 
-10 8 48 
-6 8 48 
-2 8 48 
2 8 48 
6 8 48 
10 8 48 
14 8 48 
18 8 48 
22 8 48 
26 8 48 
30 8 48 
-30 12 48 
-26 12 48 
-22 12 48 
-18 12 48 
-14 12 48 
-10 12 48 
-6 12 48 
-2 12 48 
2 12 48 
6 12 48 
10 12 48 
14 12 48 
18 12 48 
22 12 48 
26 12 48 
30 12 48 
-30 16 48 
-26 16 48 
-22 16 48 
-18 16 48 
-14 16 48 
-10 16 48 
-6 16 48 
-2 16 48 
2 16 48 
6 16 48 
10 16 48 
14 16 48 
18 16 48 
22 16 48 
26 16 48 
30 16 48 
-30 20 48 
-26 20 48 
-22 20 48 
-18 20 48 
-14 20 48 
-10 20 48 
-6 20 48 
-2 20 48 
2 20 48 
6 20 48 
10 20 48 
14 20 48 
18 20 48 
22 20 48 
26 20 48 
30 20 48 
-30 24 48 
-26 24 48 
-22 24 48 
-18 24 48 
-14 24 48 
-10 24 48 
-6 24 48 
-2 24 48 
2 24 48 
6 24 48 
10 24 48 
14 24 48 
18 24 48 
22 24 48 
26 24 48 
30 24 48 
-30 28 48 
-26 28 48 
-22 28 48 
-18 28 48 
-14 28 48 
-10 28 48 
-6 28 48 
-2 28 48 
2 28 48 
6 28 48 
10 28 48 
14 28 48 
18 28 48 
22 28 48 
26 28 48 
30 28 48 
-30 32 48 
-26 32 48 
-22 32 48 
-18 32 48 
-14 32 48 
-10 32 48 
-6 32 48 
-2 32 48 
2 32 48 
6 32 48 
10 32 48 
14 32 48 
18 32 48 
22 32 48 
26 32 48 
30 32 48 
-30 36 48 
-26 36 48 
-22 36 48 
-18 36 48 
-14 36 48 
-10 36 48 
-6 36 48 
-2 36 48 
2 36 48 
6 36 48 
10 36 48 
14 36 48 
18 36 48 
22 36 48 
26 36 48 
30 36 48 
-30 40 48 
-26 40 48 
-22 40 48 
-18 40 48 
-14 40 48 
-10 40 48 
-6 40 48 
-2 40 48 
2 40 48 
6 40 48 
10 40 48 
14 40 48 
18 40 48 
22 40 48 
26 40 48 
30 40 48 
-30 -40 52 
-26 -40 52 
-22 -40 52 
-18 -40 52 
-14 -40 52 
-10 -40 52 
-6 -40 52 
-2 -40 52 
2 -40 52 
6 -40 52 
10 -40 52 
14 -40 52 
18 -40 52 
22 -40 52 
26 -40 52 
30 -40 52 
-30 -36 52 
-26 -36 52 
-22 -36 52 
-18 -36 52 
-14 -36 52 
-10 -36 52 
-6 -36 52 
-2 -36 52 
2 -36 52 
6 -36 52 
10 -36 52 
14 -36 52 
18 -36 52 
22 -36 52 
26 -36 52 
30 -36 52 
-30 -32 52 
-26 -32 52 
-22 -32 52 
-18 -32 52 
-14 -32 52 
-10 -32 52 
-6 -32 52 
-2 -32 52 
2 -32 52 
6 -32 52 
10 -32 52 
14 -32 52 
18 -32 52 
22 -32 52 
26 -32 52 
30 -32 52 
-30 -28 52 
-26 -28 52 
-22 -28 52 
-18 -28 52 
-14 -28 52 
-10 -28 52 
-6 -28 52 
-2 -28 52 
2 -28 52 
6 -28 52 
10 -28 52 
14 -28 52 
18 -28 52 
22 -28 52 
26 -28 52 
30 -28 52 
-30 -24 52 
-26 -24 52 
-22 -24 52 
-18 -24 52 
-14 -24 52 
-10 -24 52 
-6 -24 52 
-2 -24 52 
2 -24 52 
6 -24 52 
10 -24 52 
14 -24 52 
18 -24 52 
22 -24 52 
26 -24 52 
30 -24 52 
-30 -20 52 
-26 -20 52 
-22 -20 52 
-18 -20 52 
-14 -20 52 
-10 -20 52 
-6 -20 52 
-2 -20 52 
2 -20 52 
6 -20 52 
10 -20 52 
14 -20 52 
18 -20 52 
22 -20 52 
26 -20 52 
30 -20 52 
-30 -16 52 
-26 -16 52 
-22 -16 52 
-18 -16 52 
-14 -16 52 
-10 -16 52 
-6 -16 52 
-2 -16 52 
2 -16 52 
6 -16 52 
10 -16 52 
14 -16 52 
18 -16 52 
22 -16 52 
26 -16 52 
30 -16 52 
-30 -12 52 
-26 -12 52 
-22 -12 52 
-18 -12 52 
-14 -12 52 
-10 -12 52 
-6 -12 52 
-2 -12 52 
2 -12 52 
6 -12 52 
10 -12 52 
14 -12 52 
18 -12 52 
22 -12 52 
26 -12 52 
30 -12 52 
-30 -8 52 
-26 -8 52 
-22 -8 52 
-18 -8 52 
-14 -8 52 
-10 -8 52 
-6 -8 52 
-2 -8 52 
2 -8 52 
6 -8 52 
10 -8 52 
14 -8 52 
18 -8 52 
22 -8 52 
26 -8 52 
30 -8 52 
-30 -4 52 
-26 -4 52 
-22 -4 52 
-18 -4 52 
-14 -4 52 
-10 -4 52 
-6 -4 52 
-2 -4 52 
2 -4 52 
6 -4 52 
10 -4 52 
14 -4 52 
18 -4 52 
22 -4 52 
26 -4 52 
30 -4 52 
-30 0 52 
-26 0 52 
-22 0 52 
-18 0 52 
-14 0 52 
-10 0 52 
-6 0 52 
-2 0 52 
2 0 52 
6 0 52 
10 0 52 
14 0 52 
18 0 52 
22 0 52 
26 0 52 
30 0 52 
-30 4 52 
-26 4 52 
-22 4 52 
-18 4 52 
-14 4 52 
-10 4 52 
-6 4 52 
-2 4 52 
2 4 52 
6 4 52 
10 4 52 
14 4 52 
18 4 52 
22 4 52 
26 4 52 
30 4 52 
-30 8 52 
-26 8 52 
-22 8 52 
-18 8 52 
-14 8 52 
-10 8 52 
-6 8 52 
-2 8 52 
2 8 52 
6 8 52 
10 8 52 
14 8 52 
18 8 52 
22 8 52 
26 8 52 
30 8 52 
-30 12 52 
-26 12 52 
-22 12 52 
-18 12 52 
-14 12 52 
-10 12 52 
-6 12 52 
-2 12 52 
2 12 52 
6 12 52 
10 12 52 
14 12 52 
18 12 52 
22 12 52 
26 12 52 
30 12 52 
-30 16 52 
-26 16 52 
-22 16 52 
-18 16 52 
-14 16 52 
-10 16 52 
-6 16 52 
-2 16 52 
2 16 52 
6 16 52 
10 16 52 
14 16 52 
18 16 52 
22 16 52 
26 16 52 
30 16 52 
-30 20 52 
-26 20 52 
-22 20 52 
-18 20 52 
-14 20 52 
-10 20 52 
-6 20 52 
-2 20 52 
2 20 52 
6 20 52 
10 20 52 
14 20 52 
18 20 52 
22 20 52 
26 20 52 
30 20 52 
-30 24 52 
-26 24 52 
-22 24 52 
-18 24 52 
-14 24 52 
-10 24 52 
-6 24 52 
-2 24 52 
2 24 52 
6 24 52 
10 24 52 
14 24 52 
18 24 52 
22 24 52 
26 24 52 
30 24 52 
-30 28 52 
-26 28 52 
-22 28 52 
-18 28 52 
-14 28 52 
-10 28 52 
-6 28 52 
-2 28 52 
2 28 52 
6 28 52 
10 28 52 
14 28 52 
18 28 52 
22 28 52 
26 28 52 
30 28 52 
-30 32 52 
-26 32 52 
-22 32 52 
-18 32 52 
-14 32 52 
-10 32 52 
-6 32 52 
-2 32 52 
2 32 52 
6 32 52 
10 32 52 
14 32 52 
18 32 52 
22 32 52 
26 32 52 
30 32 52 
-30 36 52 
-26 36 52 
-22 36 52 
-18 36 52 
-14 36 52 
-10 36 52 
-6 36 52 
-2 36 52 
2 36 52 
6 36 52 
10 36 52 
14 36 52 
18 36 52 
22 36 52 
26 36 52 
30 36 52 
-30 40 52 
-26 40 52 
-22 40 52 
-18 40 52 
-14 40 52 
-10 40 52 
-6 40 52 
-2 40 52 
2 40 52 
6 40 52 
10 40 52 
14 40 52 
18 40 52 
22 40 52 
26 40 52 
30 40 52 
-30 -40 56 
-26 -40 56 
-22 -40 56 
-18 -40 56 
-14 -40 56 
-10 -40 56 
-6 -40 56 
-2 -40 56 
2 -40 56 
6 -40 56 
10 -40 56 
14 -40 56 
18 -40 56 
22 -40 56 
26 -40 56 
30 -40 56 
-30 -36 56 
-26 -36 56 
-22 -36 56 
-18 -36 56 
-14 -36 56 
-10 -36 56 
-6 -36 56 
-2 -36 56 
2 -36 56 
6 -36 56 
10 -36 56 
14 -36 56 
18 -36 56 
22 -36 56 
26 -36 56 
30 -36 56 
-30 -32 56 
-26 -32 56 
-22 -32 56 
-18 -32 56 
-14 -32 56 
-10 -32 56 
-6 -32 56 
-2 -32 56 
2 -32 56 
6 -32 56 
10 -32 56 
14 -32 56 
18 -32 56 
22 -32 56 
26 -32 56 
30 -32 56 
-30 -28 56 
-26 -28 56 
-22 -28 56 
-18 -28 56 
-14 -28 56 
-10 -28 56 
-6 -28 56 
-2 -28 56 
2 -28 56 
6 -28 56 
10 -28 56 
14 -28 56 
18 -28 56 
22 -28 56 
26 -28 56 
30 -28 56 
-30 -24 56 
-26 -24 56 
-22 -24 56 
-18 -24 56 
-14 -24 56 
-10 -24 56 
-6 -24 56 
-2 -24 56 
2 -24 56 
6 -24 56 
10 -24 56 
14 -24 56 
18 -24 56 
22 -24 56 
26 -24 56 
30 -24 56 
-30 -20 56 
-26 -20 56 
-22 -20 56 
-18 -20 56 
-14 -20 56 
-10 -20 56 
-6 -20 56 
-2 -20 56 
2 -20 56 
6 -20 56 
10 -20 56 
14 -20 56 
18 -20 56 
22 -20 56 
26 -20 56 
30 -20 56 
-30 -16 56 
-26 -16 56 
-22 -16 56 
-18 -16 56 
-14 -16 56 
-10 -16 56 
-6 -16 56 
-2 -16 56 
2 -16 56 
6 -16 56 
10 -16 56 
14 -16 56 
18 -16 56 
22 -16 56 
26 -16 56 
30 -16 56 
-30 -12 56 
-26 -12 56 
-22 -12 56 
-18 -12 56 
-14 -12 56 
-10 -12 56 
-6 -12 56 
-2 -12 56 
2 -12 56 
6 -12 56 
10 -12 56 
14 -12 56 
18 -12 56 
22 -12 56 
26 -12 56 
30 -12 56 
-30 -8 56 
-26 -8 56 
-22 -8 56 
-18 -8 56 
-14 -8 56 
-10 -8 56 
-6 -8 56 
-2 -8 56 
2 -8 56 
6 -8 56 
10 -8 56 
14 -8 56 
18 -8 56 
22 -8 56 
26 -8 56 
30 -8 56 
-30 -4 56 
-26 -4 56 
-22 -4 56 
-18 -4 56 
-14 -4 56 
-10 -4 56 
-6 -4 56 
-2 -4 56 
2 -4 56 
6 -4 56 
10 -4 56 
14 -4 56 
18 -4 56 
22 -4 56 
26 -4 56 
30 -4 56 
-30 0 56 
-26 0 56 
-22 0 56 
-18 0 56 
-14 0 56 
-10 0 56 
-6 0 56 
-2 0 56 
2 0 56 
6 0 56 
10 0 56 
14 0 56 
18 0 56 
22 0 56 
26 0 56 
30 0 56 
-30 4 56 
-26 4 56 
-22 4 56 
-18 4 56 
-14 4 56 
-10 4 56 
-6 4 56 
-2 4 56 
2 4 56 
6 4 56 
10 4 56 
14 4 56 
18 4 56 
22 4 56 
26 4 56 
30 4 56 
-30 8 56 
-26 8 56 
-22 8 56 
-18 8 56 
-14 8 56 
-10 8 56 
-6 8 56 
-2 8 56 
2 8 56 
6 8 56 
10 8 56 
14 8 56 
18 8 56 
22 8 56 
26 8 56 
30 8 56 
-30 12 56 
-26 12 56 
-22 12 56 
-18 12 56 
-14 12 56 
-10 12 56 
-6 12 56 
-2 12 56 
2 12 56 
6 12 56 
10 12 56 
14 12 56 
18 12 56 
22 12 56 
26 12 56 
30 12 56 
-30 16 56 
-26 16 56 
-22 16 56 
-18 16 56 
-14 16 56 
-10 16 56 
-6 16 56 
-2 16 56 
2 16 56 
6 16 56 
10 16 56 
14 16 56 
18 16 56 
22 16 56 
26 16 56 
30 16 56 
-30 20 56 
-26 20 56 
-22 20 56 
-18 20 56 
-14 20 56 
-10 20 56 
-6 20 56 
-2 20 56 
2 20 56 
6 20 56 
10 20 56 
14 20 56 
18 20 56 
22 20 56 
26 20 56 
30 20 56 
-30 24 56 
-26 24 56 
-22 24 56 
-18 24 56 
-14 24 56 
-10 24 56 
-6 24 56 
-2 24 56 
2 24 56 
6 24 56 
10 24 56 
14 24 56 
18 24 56 
22 24 56 
26 24 56 
30 24 56 
-30 28 56 
-26 28 56 
-22 28 56 
-18 28 56 
-14 28 56 
-10 28 56 
-6 28 56 
-2 28 56 
2 28 56 
6 28 56 
10 28 56 
14 28 56 
18 28 56 
22 28 56 
26 28 56 
30 28 56 
-30 32 56 
-26 32 56 
-22 32 56 
-18 32 56 
-14 32 56 
-10 32 56 
-6 32 56 
-2 32 56 
2 32 56 
6 32 56 
10 32 56 
14 32 56 
18 32 56 
22 32 56 
26 32 56 
30 32 56 
-30 36 56 
-26 36 56 
-22 36 56 
-18 36 56 
-14 36 56 
-10 36 56 
-6 36 56 
-2 36 56 
2 36 56 
6 36 56 
10 36 56 
14 36 56 
18 36 56 
22 36 56 
26 36 56 
30 36 56 
-30 40 56 
-26 40 56 
-22 40 56 
-18 40 56 
-14 40 56 
-10 40 56 
-6 40 56 
-2 40 56 
2 40 56 
6 40 56 
10 40 56 
14 40 56 
18 40 56 
22 40 56 
26 40 56 
30 40 56 
-30 -40 60 
-26 -40 60 
-22 -40 60 
-18 -40 60 
-14 -40 60 
-10 -40 60 
-6 -40 60 
-2 -40 60 
2 -40 60 
6 -40 60 
10 -40 60 
14 -40 60 
18 -40 60 
22 -40 60 
26 -40 60 
30 -40 60 
-30 -36 60 
-26 -36 60 
-22 -36 60 
-18 -36 60 
-14 -36 60 
-10 -36 60 
-6 -36 60 
-2 -36 60 
2 -36 60 
6 -36 60 
10 -36 60 
14 -36 60 
18 -36 60 
22 -36 60 
26 -36 60 
30 -36 60 
-30 -32 60 
-26 -32 60 
-22 -32 60 
-18 -32 60 
-14 -32 60 
-10 -32 60 
-6 -32 60 
-2 -32 60 
2 -32 60 
6 -32 60 
10 -32 60 
14 -32 60 
18 -32 60 
22 -32 60 
26 -32 60 
30 -32 60 
-30 -28 60 
-26 -28 60 
-22 -28 60 
-18 -28 60 
-14 -28 60 
-10 -28 60 
-6 -28 60 
-2 -28 60 
2 -28 60 
6 -28 60 
10 -28 60 
14 -28 60 
18 -28 60 
22 -28 60 
26 -28 60 
30 -28 60 
-30 -24 60 
-26 -24 60 
-22 -24 60 
-18 -24 60 
-14 -24 60 
-10 -24 60 
-6 -24 60 
-2 -24 60 
2 -24 60 
6 -24 60 
10 -24 60 
14 -24 60 
18 -24 60 
22 -24 60 
26 -24 60 
30 -24 60 
-30 -20 60 
-26 -20 60 
-22 -20 60 
-18 -20 60 
-14 -20 60 
-10 -20 60 
-6 -20 60 
-2 -20 60 
2 -20 60 
6 -20 60 
10 -20 60 
14 -20 60 
18 -20 60 
22 -20 60 
26 -20 60 
30 -20 60 
-30 -16 60 
-26 -16 60 
-22 -16 60 
-18 -16 60 
-14 -16 60 
-10 -16 60 
-6 -16 60 
-2 -16 60 
2 -16 60 
6 -16 60 
10 -16 60 
14 -16 60 
18 -16 60 
22 -16 60 
26 -16 60 
30 -16 60 
-30 -12 60 
-26 -12 60 
-22 -12 60 
-18 -12 60 
-14 -12 60 
-10 -12 60 
-6 -12 60 
-2 -12 60 
2 -12 60 
6 -12 60 
10 -12 60 
14 -12 60 
18 -12 60 
22 -12 60 
26 -12 60 
30 -12 60 
-30 -8 60 
-26 -8 60 
-22 -8 60 
-18 -8 60 
-14 -8 60 
-10 -8 60 
-6 -8 60 
-2 -8 60 
2 -8 60 
6 -8 60 
10 -8 60 
14 -8 60 
18 -8 60 
22 -8 60 
26 -8 60 
30 -8 60 
-30 -4 60 
-26 -4 60 
-22 -4 60 
-18 -4 60 
-14 -4 60 
-10 -4 60 
-6 -4 60 
-2 -4 60 
2 -4 60 
6 -4 60 
10 -4 60 
14 -4 60 
18 -4 60 
22 -4 60 
26 -4 60 
30 -4 60 
-30 0 60 
-26 0 60 
-22 0 60 
-18 0 60 
-14 0 60 
-10 0 60 
-6 0 60 
-2 0 60 
2 0 60 
6 0 60 
10 0 60 
14 0 60 
18 0 60 
22 0 60 
26 0 60 
30 0 60 
-30 4 60 
-26 4 60 
-22 4 60 
-18 4 60 
-14 4 60 
-10 4 60 
-6 4 60 
-2 4 60 
2 4 60 
6 4 60 
10 4 60 
14 4 60 
18 4 60 
22 4 60 
26 4 60 
30 4 60 
-30 8 60 
-26 8 60 
-22 8 60 
-18 8 60 
-14 8 60 
-10 8 60 
-6 8 60 
-2 8 60 
2 8 60 
6 8 60 
10 8 60 
14 8 60 
18 8 60 
22 8 60 
26 8 60 
30 8 60 
-30 12 60 
-26 12 60 
-22 12 60 
-18 12 60 
-14 12 60 
-10 12 60 
-6 12 60 
-2 12 60 
2 12 60 
6 12 60 
10 12 60 
14 12 60 
18 12 60 
22 12 60 
26 12 60 
30 12 60 
-30 16 60 
-26 16 60 
-22 16 60 
-18 16 60 
-14 16 60 
-10 16 60 
-6 16 60 
-2 16 60 
2 16 60 
6 16 60 
10 16 60 
14 16 60 
18 16 60 
22 16 60 
26 16 60 
30 16 60 
-30 20 60 
-26 20 60 
-22 20 60 
-18 20 60 
-14 20 60 
-10 20 60 
-6 20 60 
-2 20 60 
2 20 60 
6 20 60 
10 20 60 
14 20 60 
18 20 60 
22 20 60 
26 20 60 
30 20 60 
-30 24 60 
-26 24 60 
-22 24 60 
-18 24 60 
-14 24 60 
-10 24 60 
-6 24 60 
-2 24 60 
2 24 60 
6 24 60 
10 24 60 
14 24 60 
18 24 60 
22 24 60 
26 24 60 
30 24 60 
-30 28 60 
-26 28 60 
-22 28 60 
-18 28 60 
-14 28 60 
-10 28 60 
-6 28 60 
-2 28 60 
2 28 60 
6 28 60 
10 28 60 
14 28 60 
18 28 60 
22 28 60 
26 28 60 
30 28 60 
-30 32 60 
-26 32 60 
-22 32 60 
-18 32 60 
-14 32 60 
-10 32 60 
-6 32 60 
-2 32 60 
2 32 60 
6 32 60 
10 32 60 
14 32 60 
18 32 60 
22 32 60 
26 32 60 
30 32 60 
-30 36 60 
-26 36 60 
-22 36 60 
-18 36 60 
-14 36 60 
-10 36 60 
-6 36 60 
-2 36 60 
2 36 60 
6 36 60 
10 36 60 
14 36 60 
18 36 60 
22 36 60 
26 36 60 
30 36 60 
-30 40 60 
-26 40 60 
-22 40 60 
-18 40 60 
-14 40 60 
-10 40 60 
-6 40 60 
-2 40 60 
2 40 60 
6 40 60 
10 40 60 
14 40 60 
18 40 60 
22 40 60 
26 40 60 
30 40 60 
