14.3048 6.58547 54.8309 
13.7866 8.16554 54.1082 
13.2906 9.90229 53.3622 
12.7829 11.7584 52.5713 
12.2271 13.7096 51.7127 
11.5788 15.7372 50.762 
10.7782 17.82 49.6962 
9.73902 19.9244 48.5038 
8.32944 21.9911 47.2103 
6.33557 23.914 45.9399 
3.38029 25.4875 45.0737 
-1.28517 26.1879 45.7 
-9.37076 23.6517 51.0447 
14.0967 10.3871 51.6763 
13.3693 11.5372 50.7921 
12.646 12.8311 49.9008 
11.8947 14.2273 48.9974 
11.078 15.6987 48.0751 
10.1477 17.2235 47.1282 
9.03524 18.7764 46.1598 
7.63797 20.3176 45.1998 
5.79318 21.7759 44.3468 
3.22531 23.0108 43.8654 
-0.577017 23.6793 44.4403 
-6.6736 22.5332 47.8889 
-17.1973 12.1409 58.2292 
13.4671 13.3237 48.116 
12.5543 14.0131 47.2077 
11.6271 14.839 46.3167 
10.6548 15.7619 45.4561 
9.5984 16.7555 44.6362 
8.40311 17.7978 43.8718 
6.98735 18.8595 43.196 
5.2238 19.8901 42.6902 
2.90289 20.7872 42.5489 
-0.345355 21.3054 43.2345 
-5.23133 20.6641 45.8661 
-13.1476 15.2942 52.957 
-23.8997 -14.8653 58.6532 
12.4678 15.2799 44.4354 
11.3991 15.5334 43.6435 
10.296 15.9227 42.8976 
9.12825 16.4139 42.2284 
7.85252 16.9836 41.6635 
6.40352 17.6074 41.2407 
4.6796 18.2461 41.0307 
2.51629 18.82 41.1837 
-0.366353 19.1399 42.0296 
-4.47518 18.6575 44.3085 
-10.7494 15.2979 49.5949 
-20.0873 -0.874946 57.9648 
-16.0442 -32.6006 14.7409 
11.179 16.2758 40.9529 
9.98321 16.1653 40.3946 
8.7303 16.1938 39.9131 
7.38778 16.334 39.5547 
5.90406 16.5629 39.3659 
4.19724 16.8472 39.4131 
2.13533 17.1205 39.8184 
-0.501044 17.2278 40.8293 
-4.09186 16.7505 42.9639 
-9.30408 14.3092 47.2564 
-16.9692 4.34536 54.474 
-22.1199 -28.2021 43.4849 
11.1083 24.0443 4.69886 
9.69827 16.4623 37.9518 
8.39681 16.0857 37.7045 
7.01094 15.8506 37.5668 
5.50186 15.7338 37.6001 
3.80402 15.7054 37.8736 
1.8101 15.7074 38.4933 
-0.656459 15.6074 39.6543 
-3.89204 15.0664 41.738 
-8.39393 13.0765 45.4592 
-14.8177 6.10947 51.4969 
-21.5314 -16.9573 51.3682 
-5.46977 -12.4767 -1.39561 
21.7291 25.2682 44.5605 
8.1259 16.0806 35.6272 
6.72713 15.5368 35.7259 
5.2099 15.1314 35.9721 
3.52333 14.8379 36.4443 
1.57989 14.6049 37.2424 
-0.765281 14.3166 38.5292 
-3.75099 13.6878 40.5998 
-7.76459 11.9327 43.9741 
-13.3201 6.5807 49.1726 
-19.8374 -9.97175 52.1637 
-14.8886 -28.4289 17.0693 
16.2351 29.4815 20.7933 
19.4497 6.84433 52.6891 
6.55081 15.4037 34.0636 
5.04674 14.7729 34.5112 
3.38013 14.2664 35.1544 
1.48027 13.84 36.0951 
-0.773268 13.3925 37.4777 
-3.57825 12.6794 39.5433 
-7.24879 11.0616 42.6919 
-12.2015 6.68203 47.3292 
-18.2475 -5.9014 51.2428 
-18.4795 -28.4504 31.459 
7.27981 15.5698 2.94175 
20.487 18.1269 47.3707 
15.1071 -3.11878 49.6982 
5.0408 14.6829 33.2451 
3.40548 14.0158 34.0288 
1.54861 13.44 35.074 
-0.630675 12.8686 36.5176 
-3.30009 12.0922 38.5682 
-6.72435 10.58 41.5543 
-11.2582 6.86827 45.8204 
-16.8974 -3.16924 50.0697 
-19.5297 -24.3441 39.4832 
-1.1774 -2.65859 -0.557261 
19.328 25.5634 37.3117 
17.2064 3.32184 50.2162 
11.2158 -7.64623 45.5881 
3.63765 14.1125 33.0866 
1.82644 13.4282 34.1945 
-0.287622 12.7697 35.6585 
-2.84959 11.9609 37.6696 
-6.09072 10.5605 40.5172 
-10.3302 7.38674 44.5296 
-15.6845 -0.831292 48.9949 
-19.6229 -19.6819 44.1159 
-7.71131 -16.2021 4.97351 
16.5391 27.4652 25.4874 
18.5342 9.4127 49.264 
13.0102 -4.46708 46.9362 
7.98844 -9.80645 42.1521 
2.35667 13.8184 33.4691 
0.305047 13.105 34.9052 
-2.16413 12.296 36.8371 
-5.25872 11.032 39.5357 
-9.28008 8.36029 43.3438 
-14.4475 1.63644 48.0059 
-19.2803 -14.8149 47.1805 
-12.6635 -24.2322 14.3097 
12.6635 24.2322 14.3097 
19.2803 14.8149 47.1805 
14.4475 -1.63644 48.0059 
9.28008 -8.36029 43.3438 
5.25872 -11.032 39.5357 
1.1889 13.8618 34.2714 
-1.19064 13.0772 36.0675 
-4.15247 11.9739 38.571 
-7.98844 9.80645 42.1521 
-13.0102 4.46708 46.9362 
-18.5342 -9.4127 49.264 
-16.5391 -27.4652 25.4874 
7.71131 16.2021 4.97351 
19.6229 19.6819 44.1159 
15.6845 0.831292 48.9949 
10.3302 -7.38674 44.5296 
6.09072 -10.5605 40.5172 
2.84959 -11.9609 37.6696 
0.104001 14.2531 35.3897 
-2.72056 13.3177 37.6203 
-6.36665 11.6469 40.8817 
-11.2158 7.64623 45.5881 
-17.2064 -3.32184 50.2162 
-19.328 -25.5634 37.3117 
1.1774 2.65859 -0.557261 
19.5297 24.3441 39.4832 
16.8974 3.16924 50.0697 
11.2582 -6.86827 45.8204 
6.72435 -10.58 41.5543 
3.30009 -12.0922 38.5682 
0.630675 -12.8686 36.5176 
-0.947918 14.966 36.7503 
-4.37624 13.7415 39.5537 
-8.97342 10.9714 43.8754 
-15.1071 3.11878 49.6982 
-20.487 -18.1269 47.3707 
-7.27981 -15.5698 2.94175 
18.4795 28.4504 31.459 
18.2475 5.9014 51.2428 
12.2015 -6.68203 47.3292 
7.24879 -11.0616 42.6919 
3.57825 -12.6794 39.5433 
0.773268 -13.3925 37.4777 
-1.48027 -13.84 36.0951 
-2.03689 15.947 38.317 
-6.28988 14.1844 41.9322 
-12.1996 9.20348 47.7362 
-19.4497 -6.84433 52.6891 
-16.2351 -29.4815 20.7933 
14.8886 28.4289 17.0693 
19.8374 9.97175 52.1637 
13.3201 -6.5807 49.1726 
7.76459 -11.9327 43.9741 
3.75099 -13.6878 40.5998 
0.765281 -14.3166 38.5292 
-1.57989 -14.6049 37.2424 
-3.52333 -14.8379 36.4443 
-3.25757 17.1162 40.1 
-8.6514 14.3321 44.93 
-16.2832 4.62447 52.4766 
-21.7291 -25.2682 44.5605 
5.46977 12.4767 -1.39561 
21.5314 16.9573 51.3682 
14.8177 -6.10947 51.4969 
8.39393 -13.0765 45.4592 
3.89204 -15.0664 41.738 
0.656459 -15.6074 39.6543 
-1.8101 -15.7074 38.4933 
-3.80402 -15.7054 37.8736 
-5.50186 -15.7338 37.6001 
-4.7398 18.3541 42.1742 
-11.7332 13.5178 48.8728 
-21.0428 -6.75316 56.1591 
-11.1083 -24.0443 4.69886 
22.1199 28.2021 43.4849 
16.9692 -4.34536 54.474 
9.30408 -14.3092 47.2564 
4.09186 -16.7505 42.9639 
0.501044 -17.2278 40.8293 
-2.13533 -17.1205 39.8184 
-4.19724 -16.8472 39.4131 
-5.90406 -16.5629 39.3659 
-7.38778 -16.334 39.5547 
13.9792 7.96011 52.8588 
13.3448 9.25057 52.054 
12.7338 10.6857 51.2495 
12.1164 12.2253 50.4348 
11.4607 13.845 49.5975 
10.7282 15.5281 48.7239 
9.86686 17.2582 47.8018 
8.80175 19.0102 46.8289 
7.41894 20.7389 45.8351 
5.53625 22.3599 44.931 
2.84096 23.7052 44.4272 
-1.25985 24.3516 45.1513 
-8.02964 22.638 49.3634 
13.5821 11.4669 49.3459 
12.7438 12.2746 48.4494 
11.9121 13.2214 47.5736 
11.0601 14.2661 46.7256 
10.156 15.3843 45.9084 
9.15847 16.5589 45.1247 
8.00808 17.7711 44.3836 
6.61566 18.9902 43.717 
4.84114 20.158 43.2131 
2.45228 21.1543 43.0928 
-0.965782 21.685 43.8924 
-6.2225 20.7747 46.9331 
-14.8816 13.6601 55.0537 
12.7386 13.9818 45.4766 
11.728 14.2998 44.6461 
10.706 14.7577 43.8608 
9.64851 15.3193 43.1456 
8.52299 15.9631 42.5191 
7.28259 16.6721 42.0006 
5.85653 17.4234 41.6239 
4.13442 18.173 41.4621 
1.93743 18.828 41.6797 
-1.04005 19.1647 42.6462 
-5.35431 18.5213 45.1961 
-12.0234 14.3103 51.0489 
-21.558 -5.90635 58.5131 
11.509 15.4084 41.5858 
10.3625 15.2923 40.9702 
9.18442 15.3214 40.4244 
7.95219 15.4676 39.9895 
6.63002 15.7126 39.6986 
5.16192 16.0363 39.5903 
3.45967 16.4023 39.7288 
1.38184 16.7327 40.2422 
-1.30582 16.8441 41.3973 
-5.00709 16.2382 43.7537 
-10.4159 13.2596 48.382 
-18.2169 1.29242 55.4143 
-20.9149 -31.838 35.8226 
9.98454 15.8086 38.0303 
8.73534 15.3597 37.7407 
7.43121 15.0612 37.5447 
6.04809 14.8928 37.4966 
4.54322 14.8353 37.6451 
2.84614 14.856 38.0525 
0.843117 14.8858 38.824 
-1.65078 14.765 40.1614 
-4.94133 14.0889 42.4573 
-9.52406 11.6677 46.4031 
-15.94 3.45524 52.2621 
-21.5381 -21.2362 48.1368 
-1.71679 -4.09021 -3.36731 
8.27372 15.3877 35.1099 
6.9444 14.7244 35.2056 
5.53195 14.2108 35.4197 
4.00682 13.8298 35.8183 
2.31403 13.5519 36.4685 
0.361625 13.3133 37.4639 
-1.99946 12.9702 38.9646 
-5.00857 12.1754 41.2576 
-9.03405 9.99987 44.8027 
-14.4721 3.66576 49.7472 
-20.1273 -14.1282 50.0837 
-12.3791 -24.95 11.4792 
16.7703 29.2457 23.3553 
6.48577 14.4408 33.0109 
5.08212 13.6682 33.5031 
3.56062 13.0338 34.1442 
1.88076 12.513 35.0124 
-0.0313173 12.0479 36.1989 
-2.29745 11.5062 37.8381 
-5.11007 10.58 40.1491 
-8.75276 8.49923 43.4465 
-13.5139 3.18063 47.7582 
-18.7004 -10.4961 49.3374 
-16.4554 -27.801 25.0416 
8.22984 17.1157 5.21796 
19.9822 18.5424 45.6435 
4.715 13.282 31.7894 
3.22288 12.4712 32.6587 
1.569 11.7699 33.7182 
-0.304888 11.1276 35.0623 
-2.49937 10.4231 36.8126 
-5.17304 9.37801 39.1457 
-8.55214 7.3273 42.2851 
-12.8515 2.59944 46.1779 
-17.5813 -8.64196 48.1002 
-17.6413 -25.7561 32.124 
0.804212 1.61541 0.76118 
18.3511 24.881 34.9585 
17.2347 5.89063 48.5632 
3.03024 12.1837 31.3913 
1.41464 11.3633 32.61 
-0.420164 10.5959 34.0772 
-2.5581 9.77281 35.9098 
-5.13359 8.64079 38.2608 
-8.33517 6.61037 41.3026 
-12.333 2.26937 44.9456 
-16.7443 -7.47021 47.0309 
-17.8751 -23.3333 35.6986 
-4.17536 -8.86545 3.19145 
15.5194 25.4431 24.579 
18.0363 11.9539 46.2236 
13.639 -1.12836 45.9455 
1.47024 11.342 31.6937 
-0.324798 10.4978 33.2459 
-2.41679 9.60327 35.1296 
-4.92367 8.43052 37.4891 
-8.01185 6.45123 40.477 
-11.8329 2.42776 44.0157 
-16.0923 -6.30295 46.3563 
-17.9159 -21.2147 38.0353 
-7.45359 -15.0939 7.18683 
12.6225 22.8955 16.9053 
18.1465 16.2267 43.1654 
14.7518 2.23344 46.0957 
10.3547 -4.79513 42.6397 
0.0439158 10.8682 32.5492 
-2.00837 9.94613 34.4459 
-4.46552 8.7862 36.7929 
-7.48438 6.91923 39.7499 
-11.2222 3.24283 43.3017 
-15.4907 -4.66851 46.1036 
-18.0159 -19.0662 40.3584 
-10.0301 -19.3515 11.5252 
10.0301 19.3515 11.5252 
18.0159 19.0662 40.3584 
15.4907 4.66851 46.1036 
11.2222 -3.24283 43.3017 
7.48438 -6.91923 39.7499 
-1.26672 10.7995 33.8201 
-3.67922 9.70242 36.1112 
-6.64786 8.0234 39.0207 
-10.3547 4.79513 42.6397 
-14.7518 -2.23344 46.0957 
-18.1465 -16.2267 43.1654 
-12.6225 -22.8955 16.9053 
7.45359 15.0939 7.18683 
17.9159 21.2147 38.0353 
16.0923 6.30295 46.3563 
11.8329 -2.42776 44.0157 
8.01185 -6.45123 40.477 
4.92367 -8.43052 37.4891 
-2.50332 11.1159 35.4001 
-5.41137 9.68673 38.1876 
-9.08476 7.02833 41.8165 
-13.639 1.12836 45.9455 
-18.0363 -11.9539 46.2236 
-15.5194 -25.4431 24.579 
4.17536 8.86545 3.19145 
17.8751 23.3333 35.6986 
16.7443 7.47021 47.0309 
12.333 -2.26937 44.9456 
8.33517 -6.61037 41.3026 
5.13359 -8.64079 38.2608 
2.5581 -9.77281 35.9098 
-3.72966 11.7557 37.2257 
-7.31361 9.73238 40.6832 
-11.9331 5.21563 45.2073 
-17.2347 -5.89063 48.5632 
-18.3511 -24.881 34.9585 
-0.804212 -1.61541 0.76118 
17.6413 25.7561 32.124 
17.5813 8.64196 48.1002 
12.8515 -2.59944 46.1779 
8.55214 -7.3273 42.2851 
5.17304 -9.37801 39.1457 
2.49937 -10.4231 36.8126 
0.304888 -11.1276 35.0623 
-5.03324 12.6208 39.2852 
-9.53757 9.53277 43.6842 
-15.3402 1.37524 49.0388 
-19.9822 -18.5424 45.6435 
-8.22984 -17.1157 5.21796 
16.4554 27.801 25.0416 
18.7004 10.4961 49.3374 
13.5139 -3.18063 47.7582 
8.75276 -8.49923 43.4465 
5.11007 -10.58 40.1491 
2.29745 -11.5062 37.8381 
0.0313173 -12.0479 36.1989 
-1.88076 -12.513 35.0124 
-6.53181 13.5672 41.6297 
-12.2866 8.49123 47.3547 
-19.1819 -6.95309 51.9396 
-16.7703 -29.2457 23.3553 
12.3791 24.95 11.4792 
20.1273 14.1282 50.0837 
14.4721 -3.66576 49.7472 
9.03405 -9.99987 44.8027 
5.00857 -12.1754 41.2576 
1.99946 -12.9702 38.9646 
-0.361625 -13.3133 37.4639 
-2.31403 -13.5519 36.4685 
-4.00682 -13.8298 35.8183 
-8.38693 14.3625 44.397 
-15.7977 5.32315 51.8084 
-21.7724 -22.7802 46.7941 
1.71679 4.09021 -3.36731 
21.5381 21.2362 48.1368 
15.94 -3.45524 52.2621 
9.52406 -11.6677 46.4031 
4.94133 -14.0889 42.4573 
1.65078 -14.765 40.1614 
-0.843117 -14.8858 38.824 
-2.84614 -14.856 38.0525 
-4.54322 -14.8353 37.6451 
-6.04809 -14.8928 37.4966 
13.6163 8.90269 51.0601 
12.884 9.92927 50.2071 
12.1775 11.094 49.376 
11.4705 12.3551 48.5656 
10.7356 13.6889 47.7719 
9.93971 15.0818 46.9887 
9.0381 16.522 46.2098 
7.96596 17.9915 45.4376 
6.62537 19.4554 44.6999 
4.86187 20.8463 44.0897 
2.41726 22.0256 43.8533 
-1.17718 22.6545 44.6116 
-6.86005 21.5621 47.9491 
13.0586 12.1182 47.2573 
12.1298 12.6224 46.3796 
11.2103 13.2661 45.5452 
10.2782 14.0092 44.7713 
9.30732 14.8303 44.0683 
8.26252 15.7163 43.4435 
7.09293 16.6541 42.9084 
5.72178 17.6196 42.4917 
4.02941 18.5641 42.2679 
1.8216 19.3835 42.4143 
-1.23613 19.8289 43.3422 
-5.76164 19.1489 46.0036 
-12.8994 14.2584 52.3788 
12.0312 14.2321 43.1462 
10.9448 14.2312 42.417 
9.84956 14.3767 41.7522 
8.72753 14.6359 41.1866 
7.55272 14.9915 40.7441 
6.28586 15.431 40.4462 
4.86643 15.9355 40.3234 
3.19996 16.4658 40.4371 
1.13571 16.9367 40.9202 
-1.57596 17.1478 42.0588 
-5.36745 16.5524 44.4626 
-10.9852 13.2946 49.3036 
-19.0821 -0.244787 56.4068 
10.6004 15.1645 39.1048 
9.39949 14.7431 38.6759 
8.16863 14.4761 38.3289 
6.8925 14.3409 38.1133 
5.54303 14.3234 38.0658 
4.07351 14.4065 38.223 
2.40898 14.5557 38.6395 
0.430097 14.695 39.4188 
-2.05563 14.6512 40.7679 
-5.36494 13.9877 43.0943 
-10.0073 11.4206 47.1089 
-16.5018 2.57366 52.9425 
-21.6354 -23.3552 46.6716 
8.8656 15.0127 35.5231 
7.58819 14.2988 35.4945 
6.25576 13.7414 35.5622 
4.85294 13.3273 35.7871 
3.34624 13.0402 36.2182 
1.67719 12.8483 36.9106 
-0.249335 12.6804 37.9502 
-2.5849 12.3788 39.4919 
-5.56904 11.5706 41.8158 
-9.56182 9.27461 45.3542 
-14.9158 2.6215 50.1119 
-20.2373 -15.4951 49.4376 
-11.6065 -23.8047 9.84334 
6.94445 14.0298 32.7157 
5.61435 13.157 33.1236 
4.19964 12.4319 33.6439 
2.68088 11.8435 34.3451 
1.0148 11.3629 35.2897 
-0.873751 10.9231 36.5556 
-3.10528 10.376 38.2638 
-5.86462 9.3879 40.6099 
-9.41164 7.15361 43.847 
-13.968 1.59391 47.8209 
-18.6939 -11.9573 48.4108 
-15.9774 -27.3318 24.0055 
7.64286 15.8584 4.74987 
4.95371 12.5578 30.8611 
3.57434 11.6311 31.6893 
2.0755 10.827 32.6519 
0.42871 10.124 33.8239 
-1.42386 9.46001 35.2824 
-3.57806 8.6945 37.1273 
-6.17814 7.5198 39.4968 
-9.41314 5.2401 42.5224 
-13.4068 0.231815 45.9163 
-17.4984 -10.7367 46.5695 
-16.8584 -25.2667 30.267 
-0.0120768 -0.208295 1.47254 
17.3353 25.1479 31.2545 
2.99233 10.9462 29.9898 
1.54381 10.0196 31.1937 
-0.0658439 9.16811 32.5641 
-1.87929 8.33723 34.1816 
-3.97253 7.39375 36.1344 
-6.45916 6.04825 38.5214 
-9.47679 3.67569 41.3899 
-13.0758 -1.0689 44.3471 
-16.6458 -10.5552 44.7298 
-16.6299 -23.1518 32.2106 
-4.26333 -8.93716 4.52772 
13.6484 23.4028 20.3097 
17.8019 14.9984 43.1189 
1.13008 9.48464 30.0133 
-0.43103 8.55468 31.5481 
-2.20461 7.61643 33.2926 
-4.25134 6.5444 35.3297 
-6.66244 5.06244 37.7339 
-9.53932 2.59058 40.4965 
-12.8794 -2.0462 43.1487 
-16.0758 -10.7004 43.2298 
-16.1753 -21.7649 32.4313 
-6.21967 -12.4655 7.50173 
10.5837 19.4163 14.2367 
17.1374 18.5653 38.2598 
15.2631 6.19681 44.2692 
-0.597099 8.36739 30.7758 
-2.33706 7.37523 32.6182 
-4.35495 6.22824 34.7242 
-6.72799 4.66061 37.1583 
-9.53612 2.11866 39.884 
-12.7459 -2.48211 42.3933 
-15.745 -10.7285 42.3232 
-15.8593 -20.9615 32.3392 
-7.08006 -13.7892 9.26408 
8.68227 16.3594 11.5491 
16.3438 19.9648 34.6877 
15.529 8.9114 42.9737 
12.2435 0.858496 42.1702 
-2.18635 7.68882 32.105 
-4.19443 6.52185 34.2676 
-6.56522 4.93682 36.7523 
-9.37367 2.39576 39.5289 
-12.5841 -2.15736 42.1082 
-15.6032 -10.2714 42.2204 
-15.8831 -20.4921 32.852 
-7.68853 -14.709 10.3191 
7.68853 14.709 10.3191 
15.8831 20.4921 32.852 
15.6032 10.2714 42.2204 
12.5841 2.15736 42.1082 
9.37367 -2.39576 39.5289 
-3.66453 7.45774 33.8502 
-6.05554 5.9394 36.3893 
-8.9156 3.52014 39.2903 
-12.2435 -0.858496 42.1702 
-15.529 -8.9114 42.9737 
-16.3438 -19.9648 34.6877 
-8.68227 -16.3594 11.5491 
7.08006 13.7892 9.26408 
15.8593 20.9615 32.3392 
15.745 10.7285 42.3232 
12.7459 2.48211 42.3933 
9.53612 -2.11866 39.884 
6.72799 -4.66061 37.1583 
-5.08477 7.61669 35.9051 
-8.00479 5.47158 38.9253 
-11.5079 1.52162 42.2404 
-15.2631 -6.19681 44.2692 
-17.1374 -18.5653 38.2598 
-10.5837 -19.4163 14.2367 
6.21967 12.4655 7.50173 
16.1753 21.7649 32.4313 
16.0758 10.7004 43.2298 
12.8794 2.0462 43.1487 
9.53932 -2.59058 40.4965 
6.66244 -5.06244 37.7339 
4.25134 -6.5444 35.3297 
-6.52518 8.05448 38.2185 
-10.1593 4.82498 41.871 
-14.4221 -1.9262 45.3255 
-17.8019 -14.9984 43.1189 
-13.6484 -23.4028 20.3097 
4.26333 8.93716 4.52772 
16.6299 23.1518 32.2106 
16.6458 10.5552 44.7298 
13.0758 1.0689 44.3471 
9.47679 -3.67569 41.3899 
6.45916 -6.04825 38.5214 
3.97253 -7.39375 36.1344 
1.87929 -8.33723 34.1816 
-8.09124 8.60219 40.8027 
-12.6662 3.4639 45.2474 
-17.538 -8.37312 47.4303 
-17.3353 -25.1479 31.2545 
0.0120768 0.208295 1.47254 
16.8584 25.2667 30.267 
17.4984 10.7367 46.5695 
13.4068 -0.231815 45.9163 
9.41314 -5.2401 42.5224 
6.17814 -7.5198 39.4968 
3.57806 -8.6945 37.1273 
1.42386 -9.46001 35.2824 
-0.42871 -10.124 33.8239 
-9.92279 8.99747 43.7418 
-15.6702 0.354769 48.9439 
-19.8328 -19.5611 44.2911 
-7.64286 -15.8584 4.74987 
15.9774 27.3318 24.0055 
18.6939 11.9573 48.4108 
13.968 -1.59391 47.8209 
9.41164 -7.15361 43.847 
5.86462 -9.3879 40.6099 
3.10528 -10.376 38.2638 
0.873751 -10.9231 36.5556 
-1.0148 -11.3629 35.2897 
-2.68088 -11.8435 34.3451 
-12.2051 8.78213 47.2005 
-19.1354 -6.54089 51.9845 
-17.0952 -29.3473 24.4221 
11.6065 23.8047 9.84334 
20.2373 15.4951 49.4376 
14.9158 -2.6215 50.1119 
9.56182 -9.27461 45.3542 
5.56904 -11.5706 41.8158 
2.5849 -12.3788 39.4919 
0.249335 -12.6804 37.9502 
-1.67719 -12.8483 36.9106 
-3.34624 -13.0402 36.2182 
-4.85294 -13.3273 35.7871 
13.25 9.45005 49.5141 
12.4381 10.2503 48.635 
11.6547 11.1856 47.7963 
10.877 12.2133 47.0046 
10.0816 13.3112 46.2622 
9.24051 14.4683 45.5677 
8.31562 15.6772 44.9184 
7.25141 16.9257 44.3174 
5.96424 18.1874 43.7875 
4.32382 19.4077 43.4023 
2.11773 20.4728 43.3515 
-1.02444 21.1145 44.0947 
-5.80448 20.5078 46.7428 
12.5712 12.4095 45.4939 
11.5702 12.6581 44.6482 
10.5814 13.049 43.8627 
9.58729 13.5433 43.1631 
8.56676 14.1222 42.5653 
7.49078 14.7765 42.0792 
6.31639 15.4975 41.7158 
4.97822 16.2665 41.4985 
3.37504 17.0423 41.4859 
1.34561 17.7357 41.8152 
-1.37848 18.1396 42.7949 
-5.26956 17.6842 45.1056 
-11.169 14.3595 50.1246 
11.401 14.1803 41.2011 
10.2573 13.9162 40.5731 
9.10642 13.805 40.0206 
7.9365 13.8175 39.5869 
6.72771 13.9399 39.3005 
5.44814 14.1632 39.1823 
4.04713 14.4722 39.2583 
2.44511 14.8321 39.5766 
0.516672 15.1658 40.2393 
-1.94009 15.2987 41.461 
-5.25992 14.7914 43.6786 
-9.99388 12.3294 47.6925 
-16.7515 3.24737 53.8313 
9.80839 14.6903 37.0465 
8.57188 14.0241 36.7878 
7.3052 13.5179 36.613 
6.00053 13.1546 36.5797 
4.6375 12.9241 36.7269 
3.1787 12.8123 37.088 
1.5622 12.7869 37.7069 
-0.310517 12.7764 38.6628 
-2.59487 12.6236 40.1081 
-5.53638 11.9608 42.3299 
-9.50952 9.82052 45.7926 
-14.9131 3.32891 50.6248 
-20.481 -15.0291 50.454 
7.89756 14.0604 33.4491 
6.6116 13.1427 33.6456 
5.26809 12.3806 33.9306 
3.86082 11.7676 34.3707 
2.36602 11.2917 35.0146 
0.737649 10.9228 35.9094 
-1.10094 10.5924 37.1208 
-3.27023 10.1527 38.7599 
-5.95334 9.27827 41.0136 
-9.40862 7.1955 44.1344 
-13.8737 1.92009 48.0293 
-18.6515 -11.1267 49.0345 
-16.734 -27.789 26.3618 
5.79217 12.5778 30.739 
4.48326 11.5546 31.4017 
3.08561 10.6657 32.1598 
1.59082 9.90784 33.0834 
-0.0315455 9.25557 34.2294 
-1.83894 8.64373 35.6585 
-3.92369 7.93103 37.4535 
-6.42192 6.81872 39.7311 
-9.50921 4.65242 42.5971 
-13.303 -0.0503251 45.7773 
-17.2511 -10.2166 46.5686 
-17.2644 -24.6639 32.5351 
-2.32366 -5.18261 2.01822 
3.61482 10.6214 29.0937 
2.28591 9.5935 30.175 
0.834078 8.65873 31.3653 
-0.755404 7.80195 32.7334 
-2.52237 6.96366 34.3401 
-4.53527 6.00836 36.249 
-6.89255 4.65596 38.5241 
-9.70609 2.33152 41.1609 
-12.9984 -2.1312 43.735 
-16.2292 -10.6565 43.918 
-16.5333 -22.1231 33.3519 
-6.50026 -13.2327 7.26316 
11.2068 20.4733 14.6789 
1.4686 8.56969 28.5265 
0.096402 7.5691 29.9516 
-1.43523 6.59496 31.5054 
-3.15036 5.59592 33.2491 
-5.09701 4.44205 35.2317 
-7.34242 2.86642 37.475 
-9.94645 0.349469 39.8846 
-12.8511 -4.05774 41.9031 
-15.4747 -11.6031 41.3355 
-15.4968 -20.6334 31.9538 
-7.71852 -14.9115 10.6099 
7.32376 13.9028 9.69038 
15.992 20.6776 32.5284 
-0.575325 6.72668 28.9231 
-2.03969 5.71068 30.6219 
-3.70215 4.61391 32.4676 
-5.59432 3.31016 34.4965 
-7.75817 1.53926 36.6948 
-10.2102 -1.18277 38.8905 
-12.8206 -5.65179 40.3991 
-14.9361 -12.6185 39.0297 
-14.4627 -19.7656 29.7559 
-7.47933 -14.0786 11.6097 
5.44795 10.3187 8.83831 
14.2631 20.3696 27.5847 
15.5307 13.0569 39.3183 
-2.48267 5.28426 30.1008 
-4.11165 4.13813 32.0302 
-5.97865 2.72988 34.1051 
-8.10764 0.796678 36.2839 
-10.4814 -2.13385 38.3292 
-12.9062 -6.76598 39.4297 
-14.6346 -13.4837 37.2951 
-13.6074 -19.254 27.5492 
-6.6211 -12.3655 11.2541 
5.10708 9.59876 9.40463 
13.2813 19.5051 25.6843 
14.979 14.1192 37.1352 
13.3105 6.67945 39.8784 
-4.25527 4.31837 31.8657 
-6.14312 2.85356 34.0191 
-8.3046 0.806335 36.2569 
-10.704 -2.31632 38.3 
-13.0996 -7.21217 39.2227 
-14.6368 -14.0648 36.5245 
-13.1314 -19.112 25.9639 
-5.67482 -10.6116 10.3538 
5.67482 10.6116 10.3538 
13.1314 19.112 25.9639 
14.6368 14.0648 36.5245 
13.0996 7.21217 39.2227 
10.704 2.31632 38.3 
-5.92737 3.80465 34.054 
-8.18934 1.73782 36.4569 
-10.734 -1.48744 38.7236 
-13.3105 -6.67945 39.8784 
-14.979 -14.1192 37.1352 
-13.2813 -19.5051 25.6843 
-5.10708 -9.59876 9.40463 
6.6211 12.3655 11.2541 
13.6074 19.254 27.5492 
14.6346 13.4837 37.2951 
12.9062 6.76598 39.4297 
10.4814 2.13385 38.3292 
8.10764 -0.796678 36.2839 
-7.56187 3.63619 36.5551 
-10.3323 0.530378 39.2411 
-13.2938 -4.75781 41.1378 
-15.5307 -13.0569 39.3183 
-14.2631 -20.3696 27.5847 
-5.44795 -10.3187 8.83831 
7.47933 14.0786 11.6097 
14.4627 19.7656 29.7559 
14.9361 12.6185 39.0297 
12.8206 5.65179 40.3991 
10.2102 1.18277 38.8905 
7.75817 -1.53926 36.6948 
5.59432 -3.31016 34.4965 
-9.24844 3.62818 39.3199 
-12.6689 -1.23493 42.2575 
-15.8546 -9.96415 42.5327 
-15.992 -20.6776 32.5284 
-7.32376 -13.9028 9.69038 
7.71852 14.9115 10.6099 
15.4968 20.6334 31.9538 
15.4747 11.6031 41.3355 
12.8511 4.05774 41.9031 
9.94645 -0.349469 39.8846 
7.34242 -2.86642 37.475 
5.09701 -4.44205 35.2317 
3.15036 -5.59592 33.2491 
-11.104 3.49294 42.3581 
-15.2698 -4.37467 45.2142 
-17.7137 -17.9745 40.1113 
-11.2068 -20.4733 14.6789 
6.50026 13.2327 7.26316 
16.5333 22.1231 33.3519 
16.2292 10.6565 43.918 
12.9984 2.1312 43.735 
9.70609 -2.33152 41.1609 
6.89255 -4.65596 38.5241 
4.53527 -6.00836 36.249 
2.52237 -6.96366 34.3401 
0.755404 -7.80195 32.7334 
-13.2727 2.75749 45.7167 
-18.0234 -10.2631 47.0591 
-16.4263 -25.6593 27.3001 
2.32366 5.18261 2.01822 
17.2644 24.6639 32.5351 
17.2511 10.2166 46.5686 
13.303 0.0503251 45.7773 
9.50921 -4.65242 42.5971 
6.42192 -6.81872 39.7311 
3.92369 -7.93103 37.4535 
1.83894 -8.64373 35.6585 
0.0315455 -9.25557 34.2294 
-1.59082 -9.90784 33.0834 
-15.9093 0.562056 49.378 
-20.0556 -20.3987 44.0612 
-6.56613 -13.7775 3.07608 
16.734 27.789 26.3618 
18.6515 11.1267 49.0345 
13.8737 -1.92009 48.0293 
9.40862 -7.1955 44.1344 
5.95334 -9.27827 41.0136 
3.27023 -10.1527 38.7599 
1.10094 -10.5924 37.1208 
-0.737649 -10.9228 35.9094 
-2.36602 -11.2917 35.0146 
-3.86082 -11.7676 34.3707 
12.9089 9.64162 48.2847 
12.0348 10.2622 47.3902 
11.1923 11.0162 46.5511 
10.3614 11.8605 45.7801 
9.52238 12.7739 45.0843 
8.65193 13.7484 44.4656 
7.71793 14.7801 43.9227 
6.67336 15.862 43.4573 
5.44732 16.9747 43.0856 
3.93048 18.0744 42.8623 
1.94858 19.0684 42.9287 
-0.791502 19.7474 43.6198 
-4.81854 19.5315 45.714 
12.1587 12.4091 44.1233 
11.1017 12.4555 43.3055 
10.0596 12.6472 42.5599 
9.01887 12.9462 41.9192 
7.96301 13.3357 41.4034 
6.86859 13.81 41.0241 
5.70006 14.3641 40.7901 
4.40259 14.9845 40.7184 
2.8914 15.637 40.8518 
1.03355 16.2463 41.2919 
-1.38577 16.6441 42.2648 
-4.72906 16.4052 44.2532 
-9.61996 14.2167 48.2173 
10.8989 13.9295 39.7014 
9.71218 13.4574 39.1531 
8.51945 13.1432 38.685 
7.31423 12.9599 38.3486 
6.08259 12.8969 38.1754 
4.79968 12.9486 38.1862 
3.42421 13.1037 38.4009 
1.89044 13.3323 38.8545 
0.0953765 13.5672 39.6214 
-2.123 13.6611 40.8564 
-5.02378 13.2706 42.868 
-9.01825 11.4766 46.2058 
-14.6234 5.4143 51.3209 
9.19663 14.1261 35.4497 
7.93751 13.2672 35.3217 
6.64666 12.5698 35.2724 
5.32356 12.0215 35.3675 
3.95543 11.6164 35.6484 
2.51407 11.3439 36.1453 
0.950093 11.1761 36.8915 
-0.815891 11.0492 37.9434 
-2.9074 10.8271 39.4079 
-5.51356 10.2122 41.4801 
-8.91222 8.49482 44.4631 
-13.4167 3.80083 48.4881 
-18.6282 -8.67993 50.7656 
7.15629 13.1241 31.8095 
5.87504 12.0491 32.1745 
4.53162 11.1214 32.6125 
3.1292 10.3423 33.1965 
1.65404 9.70504 33.9756 
0.0725785 9.18453 34.9892 
-1.67415 8.71961 36.2848 
-3.67901 8.18087 37.9356 
-6.07949 7.29931 40.0583 
-9.06143 5.49018 42.7914 
-12.7962 1.41017 46.0351 
-16.9763 -7.84975 47.8306 
-18.3274 -23.5737 37.2271 
4.90377 11.2258 29.1298 
3.63246 10.0924 29.9732 
2.2657 9.07057 30.8874 
0.806933 8.16689 31.9449 
-0.760821 7.36363 33.1978 
-2.47727 6.60435 34.691 
-4.40877 5.76589 36.4751 
-6.65113 4.60022 38.6072 
-9.32021 2.60763 41.1054 
-12.4808 -1.22632 43.695 
-15.8034 -8.72762 44.6966 
-17.1765 -20.4228 37.3462 
-9.79309 -19.0009 12.012 
2.56522 8.83144 27.5971 
1.3104 7.73802 28.8364 
-0.072872 6.69823 30.1515 
-1.5843 5.70881 31.6055 
-3.24485 4.72191 33.2437 
-5.09657 3.62216 35.0985 
-7.19893 2.18012 37.1787 
-9.60917 -0.0371712 39.4039 
-12.3037 -3.80717 41.3554 
-14.8958 -10.2391 41.4491 
-15.7608 -18.9503 34.9665 
-10.613 -19.184 16.157 
3.14677 6.01108 5.77849 
0.24735 6.33987 27.2215 
-1.01237 5.29798 28.7422 
-2.42922 4.22797 30.3443 
-4.00689 3.09282 32.0685 
-5.76505 1.78582 33.9283 
-7.72988 0.0951369 35.8866 
-9.90533 -2.35302 37.7732 
-12.1865 -6.13869 39.0396 
-14.1127 -11.8141 38.1279 
-14.2784 -18.1824 31.5332 
-9.7663 -17.1797 16.6044 
0.953572 1.59279 6.85913 
11.4987 18.7927 19.6595 
-1.97612 4.06739 27.8751 
-3.28826 2.99455 29.5648 
-4.77623 1.7761 31.3208 
-6.44024 0.310533 33.1318 
-8.2756 -1.60011 34.9109 
-10.2347 -4.27551 36.3962 
-12.1306 -8.11212 36.9079 
-13.412 -13.1617 34.8837 
-12.7682 -17.4692 27.7137 
-8.12567 -14.3102 15.2046 
0.908585 1.50958 8.3658 
9.75863 16.1292 17.6971 
13.8908 16.9442 30.8683 
-4.07026 2.20417 29.3552 
-5.50387 0.92565 31.1235 
-7.11154 -0.68125 32.8769 
-8.86058 -2.81187 34.4723 
-10.6513 -5.74356 35.5437 
-12.2067 -9.69644 35.2578 
-12.8579 -14.218 32.0112 
-11.3103 -16.5678 23.9838 
-6.10209 -10.8839 13.1988 
2.1226 3.79973 9.74141 
9.43126 15.2375 18.4735 
12.9093 16.066 29.3174 
13.1355 11.4769 35.1049 
-6.03831 0.807197 31.4463 
-7.67758 -0.949144 33.2218 
-9.44366 -3.33409 34.7414 
-11.186 -6.61815 35.5179 
-12.5222 -10.8769 34.5061 
-12.6158 -15.1187 29.9529 
-10.0924 -15.6428 20.766 
-3.99341 -7.20073 11.2961 
3.99341 7.20073 11.2961 
10.0924 15.6428 20.766 
12.6158 15.1187 29.9529 
12.5222 10.8769 34.5061 
11.186 6.61815 35.5179 
-7.91746 -0.187131 33.9634 
-9.85156 -2.82001 35.6596 
-11.755 -6.56286 36.4877 
-13.1355 -11.4769 35.1049 
-12.9093 -16.066 29.3174 
-9.43126 -15.2375 18.4735 
-2.1226 -3.79973 9.74141 
6.10209 10.8839 13.1988 
11.3103 16.5678 23.9838 
12.8579 14.218 32.0112 
12.2067 9.69644 35.2578 
10.6513 5.74356 35.5437 
8.86058 2.81187 34.4723 
-9.77357 -0.951578 36.7708 
-12.0738 -5.05549 38.1946 
-13.9049 -10.9119 37.262 
-13.8908 -16.9442 30.8683 
-9.75863 -16.1292 17.6971 
-0.908585 -1.50958 8.3658 
8.12567 14.3102 15.2046 
12.7682 17.4692 27.7137 
13.412 13.1617 34.8837 
12.1306 8.11212 36.9079 
10.2347 4.27551 36.3962 
8.2756 1.60011 34.9109 
6.44024 -0.310533 33.1318 
-11.6951 -1.77784 39.776 
-14.3519 -8.25782 40.3914 
-15.3696 -16.6908 35.1353 
-11.4987 -18.7927 19.6595 
-0.953572 -1.59279 6.85913 
9.7663 17.1797 16.6044 
14.2784 18.1824 31.5332 
14.1127 11.8141 38.1279 
12.1865 6.13869 39.0396 
9.90533 2.35302 37.7732 
7.72988 -0.0951369 35.8866 
5.76505 -1.78582 33.9283 
4.00689 -3.09282 32.0685 
-13.7827 -3.13012 42.8853 
-16.5182 -13.2711 41.181 
-14.6237 -21.8728 26.3188 
-3.14677 -6.01108 5.77849 
10.613 19.184 16.157 
15.7608 18.9503 34.9665 
14.8958 10.2391 41.4491 
12.3037 3.80717 41.3554 
9.60917 0.0371712 39.4039 
7.19893 -2.18012 37.1787 
5.09657 -3.62216 35.0985 
3.24485 -4.72191 33.2437 
1.5843 -5.70881 31.6055 
-16.1152 -5.7715 45.8582 
-17.8267 -20.5752 37.7387 
-8.41297 -16.2869 9.06746 
9.79309 19.0009 12.012 
17.1765 20.4228 37.3462 
15.8034 8.72762 44.6966 
12.4808 1.22632 43.695 
9.32021 -2.60763 41.1054 
6.65113 -4.60022 38.6072 
4.40877 -5.76589 36.4751 
2.47727 -6.60435 34.691 
0.760821 -7.36363 33.1978 
-0.806933 -8.16689 31.9449 
-18.6285 -10.9585 47.8291 
-15.9044 -26.369 24.1686 
5.27642 11.4366 3.32973 
18.3274 23.5737 37.2271 
16.9763 7.84975 47.8306 
12.7962 -1.41017 46.0351 
9.06143 -5.49018 42.7914 
6.07949 -7.29931 40.0583 
3.67901 -8.18087 37.9356 
1.67415 -8.71961 36.2848 
-0.0725785 -9.18453 34.9892 
-1.65404 -9.70504 33.9756 
-3.1292 -10.3423 33.1965 
12.6112 9.50934 47.417 
11.6916 10.0037 46.5082 
10.8071 10.6301 45.6666 
9.93979 11.3442 44.9094 
9.07302 12.1259 44.2471 
8.18745 12.9693 43.6837 
7.25655 13.8744 43.2185 
6.24101 14.8385 42.8507 
5.08127 15.8485 42.5896 
3.6861 16.8702 42.4722 
1.91276 17.8296 42.5999 
-0.471366 18.5654 43.2123 
-3.86831 18.6713 44.8532 
11.8486 12.1703 43.1958 
10.7497 12.0719 42.388 
9.66838 12.1208 41.6606 
8.5945 12.2786 41.052 
7.51546 12.53 40.5857 
6.41294 12.8721 40.2737 
5.25821 13.3041 40.1229 
4.0061 13.8172 40.1433 
2.58639 14.3848 40.3632 
0.890167 14.9452 40.8539 
-1.2544 15.365 41.7762 
-4.12729 15.3317 43.4701 
-8.19569 13.9869 46.6069 
10.5646 13.5631 38.6969 
9.34512 12.9367 38.1895 
8.12069 12.4709 37.7631 
6.88944 12.1396 37.4765 
5.64272 11.9345 37.3646 
4.36228 11.8534 37.4474 
3.01562 11.8895 37.7396 
1.54958 12.0195 38.264 
-0.119318 12.1874 39.0705 
-2.12043 12.2738 40.2666 
-4.65502 12.0171 42.0662 
-8.0343 10.7822 44.8502 
-12.6808 6.80347 49.0523 
8.8196 13.5917 34.3521 
7.54484 12.5838 34.2975 
6.23618 11.7356 34.312 
4.89983 11.0382 34.4701 
3.53022 10.4893 34.8163 
2.10792 10.0832 35.3783 
0.595308 9.79852 36.1804 
-1.06996 9.58246 37.2592 
-2.98478 9.32327 38.6849 
-5.29481 8.78915 40.5862 
-8.20966 7.47145 43.1625 
-11.9812 4.15444 46.5473 
-16.5855 -4.14313 49.6174 
6.71322 12.3633 30.6143 
5.44256 11.1624 31.0769 
4.10364 10.0962 31.5919 
2.7089 9.17308 32.2409 
1.25447 8.39331 33.0749 
-0.281198 7.73962 34.128 
-1.94092 7.16292 35.4324 
-3.79413 6.55786 37.0326 
-5.94318 5.71382 38.9957 
-8.52429 4.20461 41.3955 
-11.6718 1.13429 44.1635 
-15.2927 -5.33866 46.3052 
-17.9666 -17.441 42.5355 
4.3689 10.1692 27.8519 
3.14434 8.94885 28.7952 
1.81502 7.81131 29.7794 
0.396599 6.7757 30.8822 
-1.11445 5.8359 32.1539 
-2.74121 4.95059 33.6286 
-4.5277 4.02314 35.3336 
-6.53894 2.86288 37.2887 
-8.85219 1.10851 39.4722 
-11.512 -1.91511 41.6676 
-14.3493 -7.35842 42.8939 
-16.3315 -16.1574 39.6288 
-13.8677 -22.5101 24.0353 
1.91338 7.40931 26.2713 
0.751725 6.27493 27.5761 
-0.547476 5.14918 28.919 
-1.96832 4.04689 30.3606 
-3.51354 2.94073 31.9367 
-5.20226 1.74733 33.6603 
-7.06466 0.299425 35.5109 
-9.12563 -1.70184 37.387 
-11.3534 -4.74827 38.9565 
-13.5062 -9.48961 39.2327 
-14.7139 -15.9566 35.6481 
-12.6878 -19.9044 23.975 
-4.26674 -8.61271 8.25914 
-0.543586 4.49003 25.8956 
-1.65277 3.44606 27.3957 
-2.91989 2.32056 28.928 
-4.32869 1.10322 30.5181 
-5.87411 -0.272484 32.1585 
-7.55238 -1.94515 33.7865 
-9.33809 -4.14442 35.2277 
-11.1285 -7.18226 36.0554 
-12.6122 -11.2802 35.2991 
-13.002 -15.7816 31.0872 
-10.7383 -17.0664 21.5185 
-4.19298 -8.10445 10.3941 
5.16575 9.14722 10.8025 
-2.92385 1.7356 26.597 
-4.01436 0.675233 28.1126 
-5.25748 -0.57108 29.6156 
-6.62633 -2.05552 31.0635 
-8.08337 -3.88426 32.3416 
-9.55179 -6.20516 33.1987 
-10.8574 -9.13134 33.1311 
-11.6216 -12.4674 31.2351 
-11.1196 -15.0071 26.3136 
-8.30744 -13.6383 18.235 
-2.60853 -4.98482 11.1136 
4.5593 7.77898 12.1769 
10.188 15.2761 21.1124 
-5.18751 -0.664271 28.1587 
-6.30723 -1.95686 29.5082 
-7.52425 -3.55747 30.6876 
-8.76519 -5.53957 31.512 
-9.89505 -7.95103 31.6391 
-10.659 -10.6634 30.4978 
-10.6093 -13.029 27.3319 
-9.09556 -13.402 21.7402 
-5.54425 -9.39311 15.1319 
-0.195308 -0.522182 11.6374 
5.42342 8.9381 14.5625 
9.50048 13.7621 21.6582 
11.3788 13.4319 28.1705 
-7.33225 -2.66971 30.3368 
-8.5271 -4.51965 31.311 
-9.66256 -6.80537 31.7007 
-10.5252 -9.45365 31.0268 
-10.7473 -12.0122 28.6245 
-9.7864 -13.2568 23.9797 
-7.09335 -11.1655 17.7528 
-2.62755 -4.50027 12.8621 
2.62755 4.50027 12.8621 
7.09335 11.1655 17.7528 
9.7864 13.2568 23.9797 
10.7473 12.0122 28.6245 
10.5252 9.45365 31.0268 
-9.38719 -4.38545 32.8991 
-10.6712 -7.23883 33.1752 
-11.5211 -10.5461 31.9112 
-11.3788 -13.4319 28.1705 
-9.50048 -13.7621 21.6582 
-5.42342 -8.9381 14.5625 
0.195308 0.522182 11.6374 
5.54425 9.39311 15.1319 
9.09556 13.402 21.7402 
10.6093 13.029 27.3319 
10.659 10.6634 30.4978 
9.89505 7.95103 31.6391 
8.76519 5.53957 31.512 
-11.402 -6.05737 35.6276 
-12.6915 -10.4859 34.5682 
-12.6906 -14.7446 29.9663 
-10.188 -15.2761 21.1124 
-4.5593 -7.77898 12.1769 
2.60853 4.98482 11.1136 
8.30744 13.6383 18.235 
11.1196 15.0071 26.3136 
11.6216 12.4674 31.2351 
10.8574 9.13134 33.1311 
9.55179 6.20516 33.1987 
8.08337 3.88426 32.3416 
6.62633 2.05552 31.0635 
-13.427 -8.08954 38.2682 
-14.3822 -14.6646 34.4759 
-12.1707 -17.9141 23.6907 
-5.16575 -9.14722 10.8025 
4.19298 8.10445 10.3941 
10.7383 17.0664 21.5185 
13.002 15.7816 31.0872 
12.6122 11.2802 35.2991 
11.1285 7.18226 36.0554 
9.33809 4.14442 35.2277 
7.55238 1.94515 33.7865 
5.87411 0.272484 32.1585 
4.32869 -1.10322 30.5181 
-15.4663 -11.0845 40.3701 
-15.1032 -19.5914 30.8323 
-8.01211 -14.4489 12.0939 
4.26674 8.61271 8.25914 
12.6878 19.9044 23.975 
14.7139 15.9566 35.6481 
13.5062 9.48961 39.2327 
11.3534 4.74827 38.9565 
9.12563 1.70184 37.387 
7.06466 -0.299425 35.5109 
5.20226 -1.74733 33.6603 
3.51354 -2.94073 31.9367 
1.96832 -4.04689 30.3606 
-17.3483 -15.8234 40.8567 
-13.2059 -22.0797 20.379 
1.5568 3.54884 4.39356 
13.8677 22.5101 24.0353 
16.3315 16.1574 39.6288 
14.3493 7.35842 42.8939 
11.512 1.91511 41.6676 
8.85219 -1.10851 39.4722 
6.53894 -2.86288 37.2887 
4.5277 -4.02314 35.3336 
2.74121 -4.95059 33.6286 
1.11445 -5.8359 32.1539 
-0.396599 -6.7757 30.8822 
-18.3517 -22.6396 36.9945 
-5.69199 -11.4819 4.44752 
13.3327 24.076 18.8615 
17.9666 17.441 42.5355 
15.2927 5.33866 46.3052 
11.6718 -1.13429 44.1635 
8.52429 -4.20461 41.3955 
5.94318 -5.71382 38.9957 
3.79413 -6.55786 37.0326 
1.94092 -7.16292 35.4324 
0.281198 -7.73962 34.128 
-1.25447 -8.39331 33.0749 
-2.7089 -9.17308 32.2409 
12.3608 9.06937 46.9328 
11.4126 9.49649 46.0056 
10.5033 10.053 45.1545 
9.61636 10.693 44.3996 
8.73737 11.3968 43.7537 
7.85047 12.1606 43.2222 
6.93408 12.9874 42.8045 
5.95583 13.8791 42.4973 
4.86622 14.8282 42.3031 
3.58955 15.8096 42.2439 
2.00901 16.7657 42.3882 
-0.060787 17.5742 42.9032 
-2.92865 17.951 44.1665 
11.6512 11.7182 42.7431 
10.5229 11.5366 41.9187 
9.41574 11.5024 41.1807 
8.3215 11.575 40.5716 
7.23067 11.7402 40.1174 
6.12936 11.9974 39.8309 
4.99504 12.3497 39.7167 
3.79124 12.7939 39.7787 
2.46055 13.311 40.0325 
0.914231 13.8529 40.5241 
-0.985322 14.3167 41.364 
-3.4561 14.476 42.7885 
-6.85231 13.7689 45.2676 
10.4186 13.1249 38.2304 
9.17344 12.3988 37.7133 
7.92509 11.834 37.2765 
6.67508 11.4029 36.9853 
5.41917 11.0985 36.8779 
4.14493 10.9221 36.9741 
2.82788 10.8721 37.2842 
1.4261 10.933 37.8203 
-0.127172 11.0616 38.6124 
-1.9349 11.1647 39.7305 
-4.15441 11.0482 41.3199 
-7.02482 10.2774 43.6462 
-10.8861 7.75965 47.0795 
8.7135 13.1637 33.8038 
7.42414 12.0455 33.7525 
6.09939 11.0839 33.7593 
4.75098 10.2708 33.9078 
3.37969 9.60709 34.2472 
1.97405 9.09247 34.8042 
0.507005 8.71387 35.5956 
-1.06901 8.43178 36.6425 
-2.82917 8.15982 37.9868 
-4.88617 7.72397 39.7097 
-7.40135 6.76664 41.9447 
-10.5806 4.50124 44.8202 
-14.5497 -0.898775 47.9696 
6.62545 11.9013 29.9095 
5.36253 10.5942 30.3896 
4.02505 9.40858 30.8987 
2.63397 8.35861 31.5298 
1.19451 7.4514 32.3387 
-0.304001 6.67956 33.3574 
-1.89029 6.00914 34.6077 
-3.61474 5.36133 36.1134 
-5.55344 4.57971 37.9097 
-7.80928 3.36266 40.0358 
-10.4947 1.11729 42.4602 
-13.6294 -3.32515 44.7197 
-16.672 -11.8472 44.4277 
4.27079 9.58965 26.9277 
3.09125 8.28966 27.8915 
1.79537 7.04317 28.8613 
0.41087 5.88242 29.9257 
-1.05322 4.81531 31.1385 
-2.60535 3.81941 32.53 
-4.27152 2.82818 34.1148 
-6.09466 1.70608 35.894 
-8.1287 0.203219 37.8364 
-10.4137 -2.12448 39.7966 
-12.8866 -6.01718 41.2389 
-15.0867 -12.3606 40.406 
-15.315 -20.06 32.679 
1.77362 6.60087 25.0898 
0.713003 5.43905 26.3863 
-0.500002 4.23922 27.6791 
-1.834 3.0391 29.0341 
-3.27536 1.83741 30.4878 
-4.82496 0.587637 32.0485 
-6.4934 -0.817091 33.6904 
-8.28987 -2.56857 35.327 
-10.1929 -4.97241 36.7321 
-12.0729 -8.43532 37.3365 
-13.4983 -13.1827 35.7882 
-13.3288 -17.9111 29.4985 
-9.38145 -16.5241 16.8808 
-0.753748 3.33003 24.4437 
-1.68235 2.33385 25.8495 
-2.78038 1.20372 27.2432 
-4.01376 -0.0351194 28.6477 
-5.35872 -1.40214 30.0549 
-6.794 -2.96556 31.4107 
-8.28611 -4.84582 32.5834 
-9.75869 -7.20157 33.2961 
-11.0293 -10.1435 33.0013 
-11.6899 -13.4235 30.7227 
-10.944 -15.6298 25.2025 
-7.64435 -13.2102 16.5632 
-1.25648 -2.78293 9.99948 
-3.22559 0.10194 24.873 
-4.02436 -0.81633 26.1193 
-4.96935 -1.94183 27.3069 
-6.01698 -3.26939 28.3908 
-7.11664 -4.82106 29.2783 
-8.19473 -6.62922 29.7989 
-9.12725 -8.68811 29.6621 
-9.69673 -10.8337 28.4218 
-9.54075 -12.4995 25.5366 
-8.14484 -12.405 20.7727 
-5.02758 -8.73021 15.2082 
-0.262236 -0.893091 12.0018 
5.04071 8.05869 14.237 
-5.58942 -2.89051 26.1483 
-6.25885 -3.92289 26.9211 
-6.97363 -5.16467 27.4709 
-7.65606 -6.58349 27.6604 
-8.19532 -8.09997 27.2948 
-8.43052 -9.52082 26.13 
-8.1395 -10.4425 23.9435 
-7.05724 -10.1836 20.7367 
-4.96534 -7.93214 17.0793 
-1.87287 -3.33963 14.3164 
1.81184 2.68493 14.0156 
5.35132 8.08753 16.6519 
8.05365 11.1309 21.0241 
-7.82365 -5.61138 27.9784 
-8.33076 -7.02394 27.8665 
-8.63285 -8.45126 27.1207 
-8.56636 -9.62615 25.5525 
-7.93741 -10.0984 23.0835 
-6.56733 -9.278 19.9386 
-4.38706 -6.69539 16.8259 
-1.54816 -2.46244 14.8312 
1.54816 2.46244 14.8312 
4.38706 6.69539 16.8259 
6.56733 9.278 19.9386 
7.93741 10.0984 23.0835 
8.56636 9.62615 25.5525 
-9.92569 -8.18071 30.0324 
-10.1431 -10.2419 28.3956 
-9.61726 -11.562 25.318 
-8.05365 -11.1309 21.0241 
-5.35132 -8.08753 16.6519 
-1.81184 -2.68493 14.0156 
1.87287 3.33963 14.3164 
4.96534 7.93214 17.0793 
7.05724 10.1836 20.7367 
8.1395 10.4425 23.9435 
8.43052 9.52082 26.13 
8.19532 8.09997 27.2948 
7.65606 6.58349 27.6604 
-11.8866 -10.8599 31.9059 
-11.4687 -13.6215 27.6254 
-9.25091 -13.3696 20.8416 
-5.04071 -8.05869 14.237 
0.262236 0.893091 12.0018 
5.02758 8.73021 15.2082 
8.14484 12.405 20.7727 
9.54075 12.4995 25.5366 
9.69673 10.8337 28.4218 
9.12725 8.68811 29.6621 
8.19473 6.62922 29.7989 
7.11664 4.82106 29.2783 
6.01698 3.26939 28.3908 
-13.6371 -14.0089 32.989 
-11.7703 -16.6088 24.1547 
-6.3556 -10.6908 13.3415 
1.25648 2.78293 9.99948 
7.64435 13.2102 16.5632 
10.944 15.6298 25.2025 
11.6899 13.4235 30.7227 
11.0293 10.1435 33.0013 
9.75869 7.20157 33.2961 
8.28611 4.84582 32.5834 
6.794 2.96556 31.4107 
5.35872 1.40214 30.0549 
4.01376 0.0351194 28.6477 
-14.925 -17.9019 32.1629 
-9.90851 -16.6754 16.439 
0.252873 0.959688 7.39277 
9.38145 16.5241 16.8808 
13.3288 17.9111 29.4985 
13.4983 13.1827 35.7882 
12.0729 8.43532 37.3365 
10.1929 4.97241 36.7321 
8.28987 2.56857 35.327 
6.4934 0.817091 33.6904 
4.82496 -0.587637 32.0485 
3.27536 -1.83741 30.4878 
1.834 -3.0391 29.0341 
-15.0313 -21.9466 27.3201 
-4.10308 -7.74855 6.26784 
9.52041 17.8578 14.0319 
15.315 20.06 32.679 
15.0867 12.3606 40.406 
12.8866 6.01718 41.2389 
10.4137 2.12448 39.7966 
8.1287 -0.203219 37.8364 
6.09466 -1.70608 35.894 
4.27152 -2.82818 34.1148 
2.60535 -3.81941 32.53 
1.05322 -4.81531 31.1385 
-0.41087 -5.88242 29.9257 
-12.2407 -22.1301 15.7529 
6.22377 13.0695 6.14693 
16.7505 23.172 33.1249 
16.672 11.8472 44.4277 
13.6294 3.32515 44.7197 
10.4947 -1.11729 42.4602 
7.80928 -3.36266 40.0358 
5.55344 -4.57971 37.9097 
3.61474 -5.36133 36.1134 
1.89029 -6.00914 34.6077 
0.304001 -6.67956 33.3574 
-1.19451 -7.4514 32.3387 
-2.63397 -8.35861 31.5298 
12.1445 8.31852 46.826 
11.1851 8.74144 45.8762 
10.2694 9.28905 45.0094 
9.3808 9.91343 44.2463 
8.5062 10.5948 43.6009 
7.63256 11.3308 43.0795 
6.74259 12.1275 42.6816 
5.81011 12.9906 42.402 
4.79449 13.9186 42.2372 
3.63331 14.8946 42.1969 
2.23104 15.8757 42.3231 
0.439133 16.7705 42.7285 
-1.98219 17.3807 43.6717 
11.5537 11.0408 42.7716 
10.4089 10.8429 41.9025 
9.29006 10.7901 41.125 
8.18926 10.8381 40.4835 
7.099 10.9722 40.0056 
6.00899 11.194 39.7047 
4.90212 11.5105 39.5839 
3.74967 11.9242 39.6424 
2.50536 12.4242 39.8849 
1.09732 12.9757 40.3372 
-0.584848 13.5016 41.071 
-2.71241 13.8402 42.2474 
-5.55727 13.6229 44.194 
10.4538 12.6024 38.3325 
9.18841 11.8364 37.7507 
7.92357 11.231 37.2493 
6.6623 10.7541 36.8985 
5.40336 10.3982 36.7396 
4.13918 10.1679 36.7927 
2.85225 10.0674 37.065 
1.51052 10.0897 37.5602 
0.0613491 10.205 38.2921 
-1.57699 10.3445 39.3021 
-3.52839 10.3674 40.6851 
-5.97921 9.97872 42.6258 
-9.20155 8.49857 45.4201 
8.88324 12.8466 33.8693 
7.57572 11.6586 33.7435 
6.23377 10.6257 33.6662 
4.87267 9.73626 33.7306 
3.49797 8.99215 33.9911 
2.10485 8.39833 34.4749 
0.675388 7.951 35.194 
-0.825509 7.62518 36.1578 
-2.45555 7.35896 37.3866 
-4.30236 7.02669 38.9283 
-6.49252 6.38098 40.8716 
-9.19586 4.91293 43.3318 
-12.5849 1.50584 46.2669 
6.91867 11.7864 29.795 
5.65117 10.387 30.2052 
4.30498 9.10116 30.6204 
2.90776 7.94403 31.1483 
1.47215 6.92757 31.8528 
-0.00339431 6.05422 32.7673 
-1.53592 5.30609 33.9078 
-3.1607 4.63049 35.2846 
-4.93436 3.91768 36.9125 
-6.93687 2.95958 38.8121 
-9.26544 1.36485 40.9786 
-11.9926 -1.61216 43.2268 
-14.9772 -7.31107 44.5649 
4.66566 9.61086 26.4826 
3.51363 8.2226 27.3889 
2.23349 6.86551 28.2617 
0.863842 5.582 29.2073 
-0.575487 4.39271 30.2903 
-2.08096 3.29397 31.5442 
-3.66472 2.24817 32.9805 
-5.35417 1.16714 34.594 
-7.18904 -0.115487 36.3571 
-9.20942 -1.89136 38.1829 
-11.4152 -4.64712 39.7992 
-13.6375 -9.08831 40.373 
-15.1579 -15.6079 37.567 
2.24323 6.63793 24.1794 
1.26859 5.43859 25.4206 
0.120516 4.15819 26.608 
-1.15459 2.85832 27.8247 
-2.52903 1.56367 29.1201 
-3.98988 0.261991 30.5119 
-5.5352 -1.10358 31.9852 
-7.16741 -2.64835 33.4814 
-8.87831 -4.56368 34.8631 
-10.6125 -7.12339 35.8207 
-12.1795 -10.6073 35.6638 
-13.0558 -14.8712 32.9641 
-12.0506 -17.8854 25.5713 
-0.23331 3.23047 22.9594 
-0.981376 2.31353 24.2722 
-1.92868 1.20309 25.5288 
-3.02461 -0.0362375 26.7646 
-4.23119 -1.37991 27.9905 
-5.5176 -2.84159 29.1818 
-6.85153 -4.47274 30.2628 
-8.18381 -6.35652 31.0773 
-9.41915 -8.57686 31.3337 
-10.3614 -11.1124 30.5211 
-10.6242 -13.5455 27.8578 
-9.5388 -14.4792 22.5866 
-6.26374 -11.1519 15.3754 
-2.66534 -0.292336 22.7217 
-3.13901 -0.92456 23.7606 
-3.79361 -1.81068 24.7377 
-4.57671 -2.89679 25.624 
-5.43577 -4.15013 26.3706 
-6.31134 -5.55071 26.8916 
-7.1254 -7.07193 27.0462 
-7.76362 -8.63929 26.6224 
-8.05136 -10.0499 25.3411 
-7.7319 -10.8443 22.9342 
-6.47721 -10.1947 19.4016 
-3.99791 -7.07737 15.5058 
-0.307969 -1.15274 13.1013 
-4.9754 -3.71897 23.2203 
-5.10215 -4.12079 23.5541 
-5.3079 -4.68885 23.7827 
-5.54119 -5.37004 23.8356 
-5.73869 -6.09271 23.6354 
-5.82241 -6.75395 23.1002 
-5.69754 -7.20164 22.1579 
-5.2543 -7.21899 20.783 
-4.38016 -6.53193 19.0595 
-2.98962 -4.87477 17.2591 
-1.07342 -2.14242 15.8722 
1.24981 1.4151 15.4935 
3.72073 5.1258 16.5228 
-7.09973 -6.97016 24.0943 
-6.73383 -7.15783 23.1615 
-6.19974 -7.07971 22.0433 
-5.47273 -6.65358 20.8022 
-4.54154 -5.8183 19.5412 
-3.41431 -4.55621 18.3973 
-2.12249 -2.91271 17.5211 
-0.720447 -1.00286 17.0444 
0.720447 1.00286 17.0444 
2.12249 2.91271 17.5211 
3.41431 4.55621 18.3973 
4.54154 5.8183 19.5412 
5.47273 6.65358 20.8022 
-8.96434 -10.0776 24.8665 
-7.80095 -9.8125 21.8996 
-6.00245 -8.12958 18.8602 
-3.72073 -5.1258 16.5228 
-1.24981 -1.4151 15.4935 
1.07342 2.14242 15.8722 
2.98962 4.87477 17.2591 
4.38016 6.53193 19.0595 
5.2543 7.21899 20.783 
5.69754 7.20164 22.1579 
5.82241 6.75395 23.1002 
5.73869 6.09271 23.6354 
5.54119 5.37004 23.8356 
-10.4341 -13.0933 24.8798 
-7.86769 -11.3964 18.9209 
-3.99723 -6.01541 14.2156 
0.307969 1.15274 13.1013 
3.99791 7.07737 15.5058 
6.47721 10.1947 19.4016 
7.7319 10.8443 22.9342 
8.05136 10.0499 25.3411 
7.76362 8.63929 26.6224 
7.1254 7.07193 27.0462 
6.31134 5.55071 26.8916 
5.43577 4.15013 26.3706 
4.57671 2.89679 25.624 
-11.2119 -15.8356 23.1728 
-6.16745 -10.0846 13.7056 
0.536226 1.59187 10.5471 
6.26374 11.1519 15.3754 
9.5388 14.4792 22.5866 
10.6242 13.5455 27.8578 
10.3614 11.1124 30.5211 
9.41915 8.57686 31.3337 
8.18381 6.35652 31.0773 
6.85153 4.47274 30.2628 
5.5176 2.84159 29.1818 
4.23119 1.37991 27.9905 
3.02461 0.0362375 26.7646 
-10.6546 -17.2181 18.4629 
-1.68342 -2.64559 8.02374 
7.29288 13.5388 13.7877 
12.0506 17.8854 25.5713 
13.0558 14.8712 32.9641 
12.1795 10.6073 35.6638 
10.6125 7.12339 35.8207 
8.87831 4.56368 34.8631 
7.16741 2.64835 33.4814 
5.5352 1.10358 31.9852 
3.98988 -0.261991 30.5119 
2.52903 -1.56367 29.1201 
1.15459 -2.85832 27.8247 
-7.55131 -13.9171 10.1643 
5.872 11.88 8.87176 
13.8291 21.0178 26.6859 
15.1579 15.6079 37.567 
13.6375 9.08831 40.373 
11.4152 4.64712 39.7992 
9.20942 1.89136 38.1829 
7.18904 0.115487 36.3571 
5.35417 -1.16714 34.594 
3.66472 -2.24817 32.9805 
2.08096 -3.29397 31.5442 
0.575487 -4.39271 30.2903 
-0.863842 -5.582 29.2073 
-0.411822 -0.401995 2.77018 
14.1375 23.876 22.9998 
17.1126 17.024 41.0255 
14.9772 7.31107 44.5649 
11.9926 1.61216 43.2268 
9.26544 -1.36485 40.9786 
6.93687 -2.95958 38.8121 
4.93436 -3.91768 36.9125 
3.1607 -4.63049 35.2846 
1.53592 -5.30609 33.9078 
0.00339431 -6.05422 32.7673 
-1.47215 -6.92757 31.8528 
-2.90776 -7.94403 31.1483 
11.9305 7.2382 47.0575 
10.9799 7.72178 46.0877 
10.0782 8.3228 45.2056 
9.20797 8.99125 44.4303 
8.35649 9.70678 43.7757 
7.51269 10.4679 43.2491 
6.66289 11.283 42.8498 
5.78627 12.1617 42.5717 
4.84995 13.1078 42.4069 
3.80287 14.1125 42.355 
2.56692 15.1453 42.4378 
1.02245 16.1399 42.7265 
-1.0188 16.9576 43.3942 
11.5175 10.0896 43.2516 
10.3715 9.9488 42.3171 
9.25776 9.94743 41.4793 
8.16713 10.0367 40.7817 
7.09273 10.2003 40.2523 
6.02686 10.4411 39.9048 
4.95693 10.7696 39.742 
3.86095 11.1943 39.7593 
2.70227 11.7125 39.9537 
1.42309 12.3016 40.335 
-0.0652885 12.9066 40.9454 
-1.89857 13.4137 41.8906 
-4.28805 13.5803 43.3961 
10.6275 11.9181 39.0044 
9.34906 11.183 38.3077 
8.07777 10.6062 37.6946 
6.81582 10.1481 37.2371 
5.56324 9.79886 36.9783 
4.31594 9.56514 36.9392 
3.06224 9.45695 37.1252 
1.77849 9.47631 37.5341 
0.423939 9.6068 38.1673 
-1.06598 9.80128 39.0441 
-2.78944 9.96075 40.2227 
-4.89343 9.8863 41.8282 
-7.59543 9.15228 44.0866 
9.28858 12.5471 34.6064 
7.95808 11.3425 34.3273 
6.59867 10.2949 34.0926 
5.22615 9.38306 34.0029 
3.84862 8.60683 34.1174 
2.46609 7.97505 34.4652 
1.06805 7.49308 35.0558 
-0.370297 7.15047 35.89 
-1.89256 6.90799 36.9726 
-3.56707 6.67932 38.327 
-5.49438 6.29623 40.0093 
-7.81486 5.42917 42.1145 
-10.7025 3.39359 44.7218 
7.56431 11.9391 30.4103 
6.27256 10.468 30.6548 
4.90369 9.11362 30.8849 
3.48882 7.88344 31.2241 
2.04521 6.78961 31.746 
0.578042 5.84206 32.4882 
-0.920645 5.03776 33.4647 
-2.4743 4.34783 34.6777 
-4.12484 3.70122 36.1286 
-5.93543 2.95858 37.8252 
-7.99027 1.86234 39.7748 
-10.3809 -0.0654617 41.9263 
-13.1366 -3.71374 43.9246 
5.54886 10.2136 26.7534 
4.38878 8.71724 27.5154 
3.09374 7.24789 28.2016 
1.71036 5.84884 28.9436 
0.266217 4.54717 29.823 
-1.22637 3.3536 30.8822 
-2.76938 2.25478 32.1358 
-4.37915 1.20062 33.5786 
-6.08566 0.0856498 35.189 
-7.92809 -1.28065 36.9171 
-9.93842 -3.22196 38.634 
-12.0887 -6.25562 39.9714 
-14.1306 -11.048 39.8681 
3.35586 7.62058 23.8778 
2.41756 6.33101 25.025 
1.2841 4.93504 26.0533 
0.0156764 3.51163 27.0781 
-1.34873 2.10416 28.1741 
-2.78618 0.726074 29.3787 
-4.28642 -0.642661 30.6951 
-5.84812 -2.0649 32.092 
-7.472 -3.65991 33.4918 
-9.14468 -5.61768 34.7325 
-10.8002 -8.19565 35.4719 
-12.2292 -11.6183 34.9811 
-12.8831 -15.6018 31.8289 
1.10588 4.47984 21.8725 
0.479266 3.58696 23.1562 
-0.39227 2.43779 24.313 
-1.43962 1.13651 25.4109 
-2.61166 -0.25672 26.4964 
-3.8701 -1.71783 27.5844 
-5.18365 -3.2563 28.65 
-6.52013 -4.91438 29.618 
-7.83276 -6.76097 30.3383 
-9.03471 -8.86369 30.5423 
-9.95227 -11.1981 29.7738 
-10.2474 -13.4059 27.3452 
-9.33119 -14.3056 22.56 
-1.0823 1.11035 20.6526 
-1.29341 0.765309 21.7277 
-1.77 0.0503702 22.7178 
-2.44362 -0.927237 23.6154 
-3.25342 -2.0906 24.4165 
-4.14348 -3.38843 25.0998 
-5.05707 -4.78691 25.6121 
-5.92783 -6.2557 25.8543 
-6.66635 -7.74121 25.6699 
-7.14135 -9.11469 24.8403 
-7.15759 -10.0822 23.1181 
-6.44455 -10.0699 20.3619 
-4.69607 -8.20764 16.8678 
-3.09117 -2.21907 19.9655 
-2.73906 -1.84389 20.4135 
-2.62134 -1.83225 20.906 
-2.69353 -2.11998 21.3572 
-2.90168 -2.63115 21.7065 
-3.18607 -3.28686 21.9046 
-3.48137 -4.00422 21.9029 
-3.71444 -4.68802 21.6476 
-3.80099 -5.21668 21.0845 
-3.6434 -5.42607 20.1778 
-3.13365 -5.10087 18.9505 
-2.16788 -3.99593 17.5491 
-0.679753 -1.92187 16.3078 
-4.78895 -5.29036 19.408 
-3.63252 -3.85857 18.7755 
-2.61579 -2.5629 18.5485 
-1.78419 -1.52891 18.6078 
-1.14649 -0.79868 18.8198 
-0.682632 -0.349463 19.0707 
-0.35332 -0.118755 19.2787 
-0.108243 -0.0242406 19.394 
0.108243 0.0242406 19.394 
0.35332 0.118755 19.2787 
0.682632 0.349463 19.0707 
1.14649 0.79868 18.8198 
1.78419 1.52891 18.6078 
-5.99238 -7.85784 18.4363 
-3.63143 -4.61509 16.3839 
-1.30736 -1.08959 15.7435 
0.679753 1.92187 16.3078 
2.16788 3.99593 17.5491 
3.13365 5.10087 18.9505 
3.6434 5.42607 20.1778 
3.80099 5.21668 21.0845 
3.71444 4.68802 21.6476 
3.48137 4.00422 21.9029 
3.18607 3.28686 21.9046 
2.90168 2.63115 21.7065 
2.69353 2.11998 21.3572 
-6.39974 -9.43976 16.4031 
-2.23564 -2.92093 13.2261 
1.72847 3.73814 13.8224 
4.69607 8.20764 16.8678 
6.44455 10.0699 20.3619 
7.15759 10.0822 23.1181 
7.14135 9.11469 24.8403 
6.66635 7.74121 25.6699 
5.92783 6.2557 25.8543 
5.05707 4.78691 25.6121 
4.14348 3.38843 25.0998 
3.25342 2.0906 24.4165 
2.44362 0.927237 23.6154 
-5.49802 -8.91993 12.797 
1.11067 2.76961 10.7039 
6.41914 11.4781 15.8234 
9.33119 14.3056 22.56 
10.2474 13.4059 27.3452 
9.95227 11.1981 29.7738 
9.03471 8.86369 30.5423 
7.83276 6.76097 30.3383 
6.52013 4.91438 29.618 
5.18365 3.2563 28.65 
3.8701 1.71783 27.5844 
2.61166 0.25672 26.4964 
1.43962 -1.13651 25.4109 
-2.52597 -4.15837 8.19471 
6.49843 12.4149 12.6161 
11.5638 17.8847 24.0612 
12.8831 15.6018 31.8289 
12.2292 11.6183 34.9811 
10.8002 8.19565 35.4719 
9.14468 5.61768 34.7325 
7.472 3.65991 33.4918 
5.84812 2.0649 32.092 
4.28642 0.642661 30.6951 
2.78618 -0.726074 29.3787 
1.34873 -2.10416 28.1741 
-0.0156764 -3.51163 27.0781 
3.179 6.90525 6.37106 
12.6503 20.9168 22.5745 
15.1455 17.5563 35.5668 
14.1306 11.048 39.8681 
12.0887 6.25562 39.9714 
9.93842 3.22196 38.634 
7.92809 1.28065 36.9171 
6.08566 -0.0856498 35.189 
4.37915 -1.20062 33.5786 
2.76938 -2.25478 32.1358 
1.22637 -3.3536 30.8822 
-0.266217 -4.54717 29.823 
-1.71036 -5.84884 28.9436 
10.9584 20.9283 14.377 
17.0314 20.6897 37.1411 
15.9337 10.5206 44.1819 
13.1366 3.71374 43.9246 
10.3809 0.0654617 41.9263 
7.99027 -1.86234 39.7748 
5.93543 -2.95858 37.8252 
4.12484 -3.70122 36.1286 
2.4743 -4.34783 34.6777 
0.920645 -5.03776 33.4647 
-0.578042 -5.84206 32.4882 
-2.04521 -6.78961 31.746 
-3.48882 -7.88344 31.2241 
11.6727 5.80698 47.555 
10.7533 6.41387 46.5796 
9.88889 7.12825 45.6942 
9.05981 7.89862 44.9139 
8.25297 8.7038 44.2515 
7.45842 9.5426 43.7144 
6.66528 10.4249 43.3029 
5.85728 11.3636 43.01 
5.00824 12.3675 42.8255 
4.07669 13.4348 42.7417 
2.99894 14.5463 42.7648 
1.67809 15.655 42.935 
-0.0352465 16.6645 43.3633 
11.4798 8.79584 44.1067 
10.3524 8.78942 43.1028 
9.26505 8.91329 42.2007 
8.2058 9.11363 41.4391 
7.16705 9.37174 40.8448 
6.14255 9.69084 40.4321 
5.12325 10.0845 40.2037 
4.09281 10.5663 40.1534 
3.02285 11.1415 40.2727 
1.8673 11.7989 40.5598 
0.554925 12.5019 41.0347 
-1.0226 13.1718 41.7625 
-3.0313 13.6485 42.8939 
10.8605 10.9424 40.1904 
9.58156 10.323 39.3465 
8.31981 9.85687 38.5935 
7.07391 9.49459 38.0002 
5.8432 9.22235 37.6095 
4.62554 9.04757 37.4433 
3.41371 8.98525 37.5065 
2.19107 9.04617 37.7934 
0.926826 9.22656 38.2968 
-0.429612 9.49824 39.0197 
-1.95622 9.79471 39.9927 
-3.76994 9.98321 41.2967 
-6.04476 9.79535 43.0957 
9.83583 12.0715 36.0184 
8.48224 10.9277 35.5187 
7.11135 9.94483 35.0686 
5.73569 9.0868 34.7706 
4.36308 8.34754 34.6864 
2.99622 7.73768 34.8472 
1.6301 7.27059 35.2618 
0.248273 6.94951 35.9257 
-1.18145 6.75552 36.8326 
-2.71211 6.63415 37.9875 
-4.42398 6.47403 39.4215 
-6.43266 6.06202 41.205 
-8.89541 4.97636 43.4451 
8.45981 12.1152 31.8657 
7.12414 10.6204 31.8452 
5.72247 9.25837 31.8034 
4.28433 8.01839 31.8756 
2.82783 6.90588 32.1438 
1.3618 5.93425 32.6506 
-0.115255 5.11265 33.4103 
-1.6177 4.43288 34.4203 
-3.17596 3.85551 35.6727 
-4.83983 3.29206 37.1645 
-6.68114 2.57502 38.9026 
-8.7922 1.39766 40.8904 
-11.2651 -0.81048 43.0433 
6.81749 11.1377 28.0114 
5.60248 9.52618 28.5169 
4.25833 7.96661 28.9129 
2.83402 6.48641 29.3584 
1.36011 5.10785 29.9531 
-0.146307 3.84837 30.7509 
-1.68053 2.71238 31.7722 
-3.25084 1.6793 33.0136 
-4.87948 0.688654 34.4568 
-6.6022 -0.380443 36.0703 
-8.46337 -1.7419 37.7944 
-10.497 -3.75599 39.4811 
-12.6648 -6.99441 40.7019 
5.0191 9.32923 24.671 
4.03437 7.86317 25.642 
2.84598 6.30963 26.4191 
1.52338 4.74504 27.1643 
0.111941 3.21516 27.9856 
-1.3598 1.74556 28.9444 
-2.87652 0.339773 30.0631 
-4.43399 -1.02911 31.3311 
-6.03651 -2.43081 32.7058 
-7.69079 -3.99358 34.1018 
-9.39047 -5.92113 35.3528 
-11.0777 -8.49425 36.112 
-12.5494 -11.9775 35.6318 
3.1931 6.97301 21.9412 
2.55771 5.91822 23.2158 
1.63875 4.58815 24.2429 
0.524727 3.11305 25.1532 
-0.722095 1.57009 26.0458 
-2.05775 0.001841 26.9804 
-3.45076 -1.57759 27.9758 
-4.8771 -3.18363 29.0083 
-6.31363 -4.86473 30.0054 
-7.7267 -6.70224 30.8265 
-9.04962 -8.79359 31.2208 
-10.1386 -11.1832 30.7519 
-10.6919 -13.6518 28.7097 
1.48277 4.40353 19.7704 
1.33648 4.03453 21.1202 
0.827359 3.1773 22.2337 
0.0568982 2.0103 23.1645 
-0.895276 0.651158 23.9779 
-1.96668 -0.826022 24.7211 
-3.1059 -2.37783 25.4085 
-4.26598 -3.98321 26.0129 
-5.39613 -5.63513 26.4566 
-6.42966 -7.32466 26.5986 
-7.26511 -9.00429 26.2183 
-7.73798 -10.5086 25.0091 
-7.58634 -11.408 22.6336 
0.0516825 1.9849 17.9636 
0.574875 2.63243 19.165 
0.653286 2.56909 20.2658 
0.386107 1.99643 21.1803 
-0.133335 1.07984 21.9031 
-0.823785 -0.0582756 22.4569 
-1.61465 -1.32918 22.8598 
-2.44117 -2.66496 23.1069 
-3.23788 -4.00467 23.1609 
-3.93042 -5.27718 22.9479 
-4.42575 -6.37576 22.3611 
-4.60138 -7.12029 21.2814 
-4.2986 -7.21215 19.6355 
-0.89797 0.138185 16.2237 
0.536014 2.26839 17.2061 
1.40348 3.39225 18.4567 
1.77269 3.67799 19.6248 
1.74832 3.35736 20.5537 
1.43718 2.63541 21.2106 
0.934661 1.66795 21.6185 
0.323302 0.56963 21.8115 
-0.323302 -0.56963 21.8115 
-0.934661 -1.66795 21.6185 
-1.43718 -2.63541 21.2106 
-1.74832 -3.35736 20.5537 
-1.77269 -3.67799 19.6248 
-1.09417 -0.563675 14.2609 
1.542 3.66968 15.4129 
3.33232 6.21671 17.5234 
4.2986 7.21215 19.6355 
4.60138 7.12029 21.2814 
4.42575 6.37576 22.3611 
3.93042 5.27718 22.9479 
3.23788 4.00467 23.1609 
2.44117 2.66496 23.1069 
1.61465 1.32918 22.8598 
0.823785 0.0582756 22.4569 
0.133335 -1.07984 21.9031 
-0.386107 -1.99643 21.1803 
-0.167732 0.73226 12.0663 
3.88958 7.49656 14.7213 
6.43652 10.826 18.971 
7.58634 11.408 22.6336 
7.73798 10.5086 25.0091 
7.26511 9.00429 26.2183 
6.42966 7.32466 26.5986 
5.39613 5.63513 26.4566 
4.26598 3.98321 26.0129 
3.1059 2.37783 25.4085 
1.96668 0.826022 24.7211 
0.895276 -0.651158 23.9779 
-0.0568982 -2.0103 23.1645 
2.30547 5.07722 10.5004 
7.57912 13.3899 17.0814 
10.134 15.21 24.1995 
10.6919 13.6518 28.7097 
10.1386 11.1832 30.7519 
9.04962 8.79359 31.2208 
7.7267 6.70224 30.8265 
6.31363 4.86473 30.0054 
4.8771 3.18363 29.0083 
3.45076 1.57759 27.9758 
2.05775 -0.001841 26.9804 
0.722095 -1.57009 26.0458 
-0.524727 -3.11305 25.1532 
6.5395 12.7354 12.0028 
11.8996 18.6138 24.2286 
13.2472 16.1337 32.397 
12.5494 11.9775 35.6318 
11.0777 8.49425 36.112 
9.39047 5.92113 35.3528 
7.69079 3.99358 34.1018 
6.03651 2.43081 32.7058 
4.43399 1.02911 31.3311 
2.87652 -0.339773 30.0631 
1.3598 -1.74556 28.9444 
-0.111941 -3.21516 27.9856 
-1.52338 -4.74504 27.1643 
11.9453 20.8936 19.7465 
15.3964 18.9553 34.7688 
14.6659 12.1625 40.2075 
12.6648 6.99441 40.7019 
10.497 3.75599 39.4811 
8.46337 1.7419 37.7944 
6.6022 0.380443 36.0703 
4.87948 -0.688654 34.4568 
3.25084 -1.6793 33.0136 
1.68053 -2.71238 31.7722 
0.146307 -3.84837 30.7509 
-1.36011 -5.10785 29.9531 
-2.83402 -6.48641 29.3584 
16.7506 23.3364 33.2588 
16.7534 13.0417 44.0236 
14.0923 5.10455 44.8402 
11.2651 0.81048 43.0433 
8.7922 -1.39766 40.8904 
6.68114 -2.57502 38.9026 
4.83983 -3.29206 37.1645 
3.17596 -3.85551 35.6727 
1.6177 -4.43288 34.4203 
0.115255 -5.11265 33.4103 
-1.3618 -5.93425 32.6506 
-2.82783 -6.90588 32.1438 
-4.28433 -8.01839 31.8756 
11.317 4.01885 48.2203 
10.4542 4.80339 47.2682 
9.6528 5.68315 46.4052 
8.8902 6.60649 45.6407 
8.15213 7.55155 44.985 
7.42906 8.51682 44.4455 
6.71207 9.5129 44.0231 
5.98859 10.5549 43.7115 
5.23806 11.6555 43.4993 
4.42716 12.8194 43.3739 
3.50405 14.0367 43.3306 
2.38997 15.276 43.3867 
0.965181 16.4705 43.6076 
11.3629 7.09959 45.213 
10.2792 7.30256 44.1598 
9.24476 7.62267 43.2118 
8.24309 8.00222 42.3997 
7.26482 8.42002 41.7472 
6.30402 8.8787 41.2686 
5.35413 9.39354 40.9674 
4.40343 9.98245 40.8373 
3.43042 10.6574 40.8669 
2.39886 11.4172 41.0467 
1.25169 12.2404 41.3807 
-0.0979969 13.0744 41.9039 
-1.78199 13.8136 42.7123 
11.0458 9.53463 41.7583 
9.78787 9.12563 40.7663 
8.56004 8.86018 39.8754 
7.35506 8.67894 39.1453 
6.16972 8.56316 38.616 
5.00228 8.51967 38.3095 
3.8486 8.56712 38.2315 
2.69766 8.72372 38.3752 
1.52693 8.99703 38.7281 
0.297334 9.3751 39.2823 
-1.05295 9.81675 40.0481 
-2.61739 10.2351 41.0726 
-4.53543 10.4601 42.4683 
10.3846 11.1711 37.9985 
9.0196 10.194 37.2425 
7.65499 9.37943 36.5519 
6.29607 8.67339 36.0223 
4.94748 8.06139 35.7139 
3.61239 7.55354 35.659 
2.28941 7.16933 35.8667 
0.968607 6.92389 36.3303 
-0.3729 6.81597 37.0365 
-1.77567 6.81692 37.9772 
-3.30355 6.85681 39.1632 
-5.05112 6.7991 40.6403 
-7.15318 6.38261 42.5036 
9.42791 11.9364 34.1336 
8.04125 10.5145 33.7656 
6.61094 9.24877 33.3901 
5.15886 8.10082 33.1434 
3.69961 7.06343 33.1099 
2.24243 6.14919 33.3352 
0.789687 5.37614 33.8352 
-0.666185 4.75328 34.605 
-2.14633 4.26712 35.6301 
-3.68928 3.86774 36.8976 
-5.35479 3.4499 38.4071 
-7.22703 2.81817 40.1751 
-9.4128 1.61281 42.2164 
8.25508 11.8651 30.381 
6.94651 10.1909 30.4983 
5.53352 8.62159 30.5011 
4.05882 7.14893 30.5655 
2.54966 5.77799 30.8029 
1.02331 4.52457 31.2759 
-0.512176 3.40434 32.0098 
-2.05942 2.41927 33.0031 
-3.63394 1.54328 34.2378 
-5.26602 0.706037 35.6878 
-7.00107 -0.229304 37.3209 
-8.89509 -1.50367 39.083 
-10.9949 -3.52803 40.8304 
6.97401 11.1072 26.9275 
5.85477 9.42093 27.5548 
4.55256 7.72887 27.9385 
3.13532 6.0708 28.2853 
1.64641 4.47223 28.732 
0.114005 2.95538 29.3596 
-1.44514 1.53548 30.2054 
-3.02486 0.210454 31.2716 
-4.6295 -1.05239 32.5329 
-6.27293 -2.33193 33.9393 
-7.97389 -3.77246 35.4065 
-9.74197 -5.60786 36.7784 
-11.5396 -8.17954 37.7207 
5.71871 9.91723 23.8881 
4.91084 8.48537 24.9856 
3.82329 6.87114 25.7071 
2.55356 5.18311 26.2683 
1.16546 3.47932 26.8244 
-0.298083 1.79553 27.4748 
-1.80786 0.152486 28.27 
-3.34463 -1.44776 29.2173 
-4.89626 -3.03053 30.2844 
-6.45358 -4.65871 31.3961 
-8.00124 -6.44078 32.418 
-9.49752 -8.52791 33.1123 
-10.83 -11.0691 33.0441 
4.64858 8.63618 21.29 
4.28651 7.73804 22.7966 
3.52645 6.41205 23.8131 
2.5 4.86015 24.5282 
1.2971 3.19141 25.1046 
-0.0197553 1.46735 25.6589 
-1.40526 -0.276188 26.2593 
-2.82438 -2.02211 26.926 
-4.24691 -3.77263 27.6315 
-5.64118 -5.55113 28.2964 
-6.96363 -7.39817 28.7752 
-8.13986 -9.34927 28.8291 
-9.03012 -11.3668 28.0828 
3.95178 7.67992 19.0994 
4.18063 7.59604 21.0217 
3.85688 6.7502 22.3735 
3.1536 5.47527 23.2655 
2.19628 3.96233 23.8546 
1.07381 2.31725 24.2787 
-0.148983 0.60091 24.6344 
-1.42138 -1.14917 24.9716 
-2.69893 -2.90901 25.2909 
-3.93626 -4.66294 25.5421 
-5.07827 -6.3952 25.6183 
-6.04695 -8.06895 25.3471 
-6.72118 -9.57783 24.4845 
3.85017 7.5393 17.3115 
4.80429 8.49442 19.8641 
4.97739 8.19602 21.7728 
4.60558 7.19284 23.002 
3.87167 5.8188 23.7026 
2.90461 4.25208 24.0544 
1.79426 2.58434 24.2054 
0.606282 0.866553 24.2561 
-0.606282 -0.866553 24.2561 
-1.79426 -2.58434 24.2054 
-2.90461 -4.25208 24.0544 
-3.87167 -5.8188 23.7026 
-4.60558 -7.19284 23.002 
4.59174 8.75122 16.1326 
6.32151 10.7039 19.8816 
6.90888 10.6504 22.7364 
6.72118 9.57783 24.4845 
6.04695 8.06895 25.3471 
5.07827 6.3952 25.6183 
3.93626 4.66294 25.5421 
2.69893 2.90901 25.2909 
1.42138 1.14917 24.9716 
0.148983 -0.60091 24.6344 
-1.07381 -2.31725 24.2787 
-2.19628 -3.96233 23.8546 
-3.1536 -5.47527 23.2655 
6.39377 11.7055 16.2449 
8.71034 13.8902 22.0141 
9.37217 13.1695 25.9987 
9.03012 11.3668 28.0828 
8.13986 9.34927 28.8291 
6.96363 7.39817 28.7752 
5.64118 5.55113 28.2964 
4.24691 3.77263 27.6315 
2.82438 2.02211 26.926 
1.40526 0.276188 26.2593 
0.0197553 -1.46735 25.6589 
-1.2971 -3.19141 25.1046 
-2.5 -4.86015 24.5282 
9.28006 16.0726 18.9276 
11.5727 16.6058 27.021 
11.7231 14.0266 31.4245 
10.83 11.0691 33.0441 
9.49752 8.52791 33.1123 
8.00124 6.44078 32.418 
6.45358 4.65871 31.3961 
4.89626 3.03053 30.2844 
3.34463 1.44776 29.2173 
1.80786 -0.152486 28.27 
0.298083 -1.79553 27.4748 
-1.16546 -3.47932 26.8244 
-2.55356 -5.18311 26.2683 
12.8154 19.9868 25.3795 
14.0917 16.6267 34.289 
13.1821 11.8722 37.4618 
11.5396 8.17954 37.7207 
9.74197 5.60786 36.7784 
7.97389 3.77246 35.4065 
6.27293 2.33193 33.9393 
4.6295 1.05239 32.5329 
3.02486 -0.210454 31.2716 
1.44514 -1.53548 30.2054 
-0.114005 -2.95538 29.3596 
-1.64641 -4.47223 28.732 
-3.13532 -6.0708 28.2853 
15.9838 20.3085 34.9322 
15.3769 12.7047 41.4591 
13.2687 6.97373 42.1047 
10.9949 3.52803 40.8304 
8.89509 1.50367 39.083 
7.00107 0.229304 37.3209 
5.26602 -0.706037 35.6878 
3.63394 -1.54328 34.2378 
2.05942 -2.41927 33.0031 
0.512176 -3.40434 32.0098 
-1.02331 -4.52457 31.2759 
-2.54966 -5.77799 30.8029 
-4.05882 -7.14893 30.5655 
17.6125 15.2071 44.2453 
15.0002 5.85876 46.1478 
12.0153 0.849405 44.4347 
9.4128 -1.61281 42.2164 
7.22703 -2.81817 40.1751 
5.35479 -3.4499 38.4071 
3.68928 -3.86774 36.8976 
2.14633 -4.26712 35.6301 
0.666185 -4.75328 34.605 
-0.789687 -5.37614 33.8352 
-2.24243 -6.14919 33.3352 
-3.69961 -7.06343 33.1099 
-5.15886 -8.10082 33.1434 
10.8124 1.90008 48.9471 
10.0332 2.9014 48.06 
9.32165 3.9843 47.2569 
8.65199 5.09893 46.5408 
8.0083 6.22335 45.9188 
7.38079 7.35531 45.3976 
6.76173 8.50516 44.9788 
6.14137 9.68897 44.6574 
5.50372 10.9223 44.4218 
4.82223 12.2146 44.2572 
4.05486 13.564 44.1514 
3.13743 14.9513 44.105 
1.9731 16.3315 44.1505 
11.0886 4.98397 46.4175 
10.0789 5.45823 45.3603 
9.12773 6.0331 44.4079 
8.21369 6.64956 43.5808 
7.32469 7.28449 42.898 
6.45424 7.93919 42.3729 
5.59725 8.62921 42.0102 
4.74546 9.375 41.8048 
3.88301 10.1937 41.7447 
2.98181 11.0922 41.8162 
1.99632 12.0613 42.0124 
0.856658 13.068 42.3467 
-0.542677 14.0431 42.8748 
11.0693 7.60252 43.508 
9.86384 7.49523 42.4073 
8.70267 7.51544 41.417 
7.5712 7.59689 40.5827 
6.46233 7.71626 39.9386 
5.37339 7.87864 39.5058 
4.30198 8.10436 39.2914 
3.24135 8.41698 39.2896 
2.17566 8.83314 39.4861 
1.07533 9.35417 39.8666 
-0.108309 9.95853 40.4272 
-1.45006 10.5918 41.1901 
-3.06191 11.1459 42.2263 
10.7742 9.63542 40.3112 
9.42618 8.94796 39.3158 
8.09996 8.4162 38.4086 
6.79076 7.97005 37.6686 
5.49782 7.5865 37.1496 
4.22281 7.2734 36.8828 
2.96625 7.05393 36.8787 
1.72304 6.9524 37.131 
0.477859 6.98202 37.6233 
-0.799534 7.13475 38.339 
-2.15936 7.3714 39.2741 
-3.67829 7.60687 40.4521 
-5.46864 7.67918 41.9424 
10.249 11.0217 36.9706 
8.82898 9.82013 36.2272 
7.39639 8.79137 35.5115 
5.96007 7.86768 34.9447 
4.52741 7.02712 34.6053 
3.10524 6.27866 34.5383 
1.69752 5.6459 34.761 
0.301555 5.15134 35.2684 
-1.09623 4.80231 36.0425 
-2.52461 4.57865 37.063 
-4.03181 4.41959 38.3197 
-5.69025 4.20343 39.8236 
-7.60105 3.70602 41.6131 
9.56783 11.7837 33.6574 
8.16047 10.1955 33.2868 
6.69115 8.77066 32.8401 
5.18704 7.45413 32.4872 
3.66605 6.22707 32.3372 
2.14147 5.0983 32.454 
0.621795 4.08975 32.8657 
-0.89183 3.22049 33.5721 
-2.409 2.49133 34.5545 
-3.95342 1.87027 35.7858 
-5.56569 1.27631 37.2404 
-7.30467 0.555178 38.8969 
-9.24432 -0.566015 40.7234 
8.83246 12.0389 30.5426 
7.53263 10.2379 30.6258 
6.1038 8.55048 30.486 
4.59737 6.94944 30.3455 
3.04504 5.42353 30.3487 
1.46853 3.98129 30.5836 
-0.117502 2.64196 31.094 
-1.70604 1.42128 31.888 
-3.29968 0.31586 32.9475 
-4.91254 -0.712578 34.2357 
-6.57079 -1.75456 35.7018 
-8.30962 -2.97597 37.2739 
-10.1612 -4.65303 38.8214 
8.17084 11.9973 27.7762 
7.07815 10.1796 28.3588 
5.76953 8.37678 28.5336 
4.32806 6.61079 28.573 
2.80369 4.88569 28.6606 
1.22928 3.21137 28.9133 
-0.372397 1.60455 29.3956 
-1.98639 0.0793434 30.1288 
-3.60553 -1.36644 31.0982 
-5.2305 -2.76629 32.2581 
-6.868 -4.20037 33.5313 
-8.52397 -5.81124 34.7944 
-10.1852 -7.81654 35.8307 
7.73336 11.9442 25.4893 
6.9435 10.2945 26.6112 
5.82722 8.5094 27.1043 
4.50964 6.69011 27.287 
3.06525 4.86765 27.386 
1.54139 3.05634 27.5525 
-0.0292578 1.27083 27.8782 
-1.62271 -0.474797 28.4041 
-3.22115 -2.17621 29.1265 
-4.81114 -3.85085 30.0004 
-6.38025 -5.5493 30.9358 
-7.90884 -7.36228 31.7837 
-9.35123 -9.41403 32.2971 
7.6856 12.206 23.833 
7.27181 10.8415 25.5759 
6.39085 9.14394 26.4205 
5.22602 7.3361 26.7333 
3.88552 5.49137 26.7947 
2.43525 3.631 26.8005 
0.918735 1.76527 26.8775 
-0.631935 -0.0945019 27.0954 
-2.19051 -1.93821 27.4732 
-3.73316 -3.765 27.9822 
-5.2346 -5.59148 28.5435 
-6.66092 -7.45475 29.0188 
-7.95492 -9.40087 29.1874 
8.18938 13.0782 23.0571 
8.16385 11.9472 25.5779 
7.4933 10.2614 26.8343 
6.4464 8.42323 27.2747 
5.1779 6.56053 27.2648 
3.77609 4.69576 27.063 
2.29438 2.82412 26.8414 
0.769387 0.942846 26.7055 
-0.769387 -0.942846 26.7055 
-2.29438 -2.82412 26.8414 
-3.77609 -4.69576 27.063 
-5.1779 -6.56053 27.2648 
-6.4464 -8.42323 27.2747 
9.35649 14.6706 23.5932 
9.60612 13.4043 27.0561 
9.0075 11.4377 28.7049 
7.95492 9.40087 29.1874 
6.66092 7.45475 29.0188 
5.2346 5.59148 28.5435 
3.73316 3.765 27.9822 
2.19051 1.93821 27.4732 
0.631935 0.0945019 27.0954 
-0.918735 -1.76527 26.8775 
-2.43525 -3.631 26.8005 
-3.88552 -5.49137 26.7947 
-5.22602 -7.3361 26.7333 
11.1591 16.6351 26.0192 
11.3815 14.4789 30.318 
10.5954 11.8136 32.0512 
9.35123 9.41403 32.2971 
7.90884 7.36228 31.7837 
6.38025 5.5493 30.9358 
4.81114 3.85085 30.0004 
3.22115 2.17621 29.1265 
1.62271 0.474797 28.4041 
0.0292578 -1.27083 27.8782 
-1.54139 -3.05634 27.5525 
-3.06525 -4.86765 27.386 
-4.50964 -6.69011 27.287 
13.315 17.9144 30.6935 
13.0381 14.0396 35.0627 
11.7738 10.4949 36.2142 
10.1852 7.81654 35.8307 
8.52397 5.81124 34.7944 
6.868 4.20037 33.5313 
5.2305 2.76629 32.2581 
3.60553 1.36644 31.0982 
1.98639 -0.0793434 30.1288 
0.372397 -1.60455 29.3956 
-1.22928 -3.21137 28.9133 
-2.80369 -4.88569 28.6606 
-4.32806 -6.61079 28.573 
15.2492 16.9788 37.0721 
14.0188 11.2443 40.134 
12.1171 7.21728 40.0401 
10.1612 4.65303 38.8214 
8.30962 2.97597 37.2739 
6.57079 1.75456 35.7018 
4.91254 0.712578 34.2357 
3.29968 -0.31586 32.9475 
1.70604 -1.42128 31.888 
0.117502 -2.64196 31.094 
-1.46853 -3.98129 30.5836 
-3.04504 -5.42353 30.3487 
-4.59737 -6.94944 30.3455 
16.2765 12.8669 43.4414 
13.9244 6.27622 44.0771 
11.4546 2.56683 42.6048 
9.24432 0.566015 40.7234 
7.30467 -0.555178 38.8969 
5.56569 -1.27631 37.2404 
3.95342 -1.87027 35.7858 
2.409 -2.49133 34.5545 
0.89183 -3.22049 33.5721 
-0.621795 -4.08975 32.8657 
-2.14147 -5.0983 32.454 
-3.66605 -6.22707 32.3372 
-5.18704 -7.45413 32.4872 
15.9544 6.15063 47.8734 
12.6958 0.229187 46.107 
9.89371 -2.50618 43.7344 
7.60105 -3.70602 41.6131 
5.69025 -4.20343 39.8236 
4.03181 -4.41959 38.3197 
2.52461 -4.57865 37.063 
1.09623 -4.80231 36.0425 
-0.301555 -5.15134 35.2684 
-1.69752 -5.6459 34.761 
-3.10524 -6.27866 34.5383 
-4.52741 -7.02712 34.6053 
-5.96007 -7.86768 34.9447 
10.1207 -0.483779 49.6455 
9.45171 0.753027 48.8708 
8.85588 2.05766 48.1709 
8.30469 3.38423 47.5423 
7.78042 4.7116 46.9889 
7.27255 6.03673 46.5162 
6.77388 7.36886 46.1261 
6.27659 8.72383 45.815 
5.76826 10.1185 45.5723 
5.22784 11.5659 45.3825 
4.62131 13.0701 45.2287 
3.89625 14.6221 45.1002 
2.97379 16.1926 45.0055 
10.595 2.49617 47.5729 
9.69175 3.27961 46.5755 
8.85556 4.1454 45.6768 
8.06025 5.03666 44.8865 
7.29075 5.92952 44.218 
6.53937 6.82353 43.6833 
5.80152 7.73305 43.2877 
5.07136 8.6791 43.0282 
4.33736 9.6818 42.894 
3.57802 10.754 42.8697 
2.75724 11.8956 42.942 
1.81869 13.0887 43.1094 
0.677368 14.2886 43.3982 
10.8358 5.15082 45.2184 
9.72138 5.41378 44.0853 
8.66476 5.7827 43.0662 
7.64389 6.18953 42.1901 
6.64718 6.60804 41.4832 
5.67011 7.04087 40.9648 
4.71085 7.50787 40.6433 
3.76555 8.03515 40.5153 
2.82363 8.64541 40.5676 
1.86317 9.34987 40.7831 
0.846229 10.1418 41.1495 
-0.286957 10.9899 41.6712 
-1.62649 11.8265 42.3875 
10.8636 7.38967 42.6449 
9.57617 7.10345 41.4878 
8.33205 6.95419 40.4399 
7.11544 6.86287 39.5571 
5.91909 6.80024 38.8824 
4.74192 6.77104 38.4443 
3.5849 6.79941 38.2549 
2.44624 6.91521 38.3101 
1.31651 7.14205 38.5942 
0.173982 7.48752 39.0868 
-1.02021 7.93504 39.7741 
-2.32756 8.43478 40.6619 
-3.84011 8.88709 41.7931 
10.7205 9.16426 39.9601 
9.31248 8.34724 38.8995 
7.9255 7.69985 37.9116 
6.55271 7.13332 37.0885 
5.19231 6.61403 36.4947 
3.84693 6.14653 36.1713 
2.52044 5.75686 36.1363 
1.21339 5.47663 36.3869 
-0.0817907 5.3287 36.9052 
-1.38543 5.31533 37.6669 
-2.73521 5.4079 38.6536 
-4.19102 5.53454 39.8653 
-5.84097 5.55762 41.3342 
10.4718 10.4849 37.3058 
9.00695 9.20232 36.4534 
7.53061 8.1155 35.5971 
6.04854 7.12917 34.8741 
4.56577 6.20382 34.3767 
3.08912 5.34074 34.1631 
1.6256 4.56488 34.2611 
0.178664 3.90745 34.6725 
-1.25622 3.38965 35.3789 
-2.69595 3.0085 36.3521 
-4.17379 2.72394 37.5646 
-5.74294 2.44319 39.0012 
-7.47939 1.99366 40.6635 
10.2048 11.428 34.8439 
8.75317 9.78097 34.2904 
7.2454 8.34197 33.6107 
5.70472 7.01536 32.9969 
4.14491 5.75472 32.575 
2.57766 4.5546 32.4256 
1.01349 3.43547 32.5915 
-0.540546 2.42629 33.083 
-2.0845 1.54685 33.8847 
-3.62931 0.791569 34.9641 
-5.19996 0.114093 36.2815 
-6.83723 -0.590307 37.7962 
-8.5965 -1.51218 39.4621 
10.025 12.1283 32.7486 
8.65447 10.2316 32.56 
7.17061 8.5391 32.076 
5.62014 6.96425 31.5525 
4.02812 5.45329 31.156 
2.4119 3.99027 30.9942 
0.785799 2.58738 31.1298 
-0.83906 1.26932 31.5868 
-2.45712 0.0555781 32.3566 
-4.07129 -1.05717 33.4052 
-5.69505 -2.11186 34.6797 
-7.35249 -3.20873 36.1107 
-9.07348 -4.5278 37.5996 
10.046 12.751 31.2103 
8.80983 10.6984 31.433 
7.39134 8.83791 31.1447 
5.86863 7.10316 30.6763 
4.28108 5.43261 30.2412 
2.65237 3.79523 29.9788 
1.00036 2.18995 29.9756 
-0.660196 0.63413 30.2741 
-2.31818 -0.852802 30.878 
-3.96797 -2.26704 31.7573 
-5.61074 -3.63764 32.852 
-7.25331 -5.0428 34.0714 
-8.90176 -6.62541 35.2795 
10.3722 13.4353 30.4514 
9.28887 11.2528 31.1145 
7.94644 9.26449 31.0052 
6.46394 7.43348 30.5479 
4.89802 5.68633 30.0114 
3.27859 3.96968 29.5701 
1.62551 2.26202 29.3362 
-0.0447372 0.567715 29.3739 
-1.71746 -1.09668 29.7045 
-3.38049 -2.71921 30.31 
-5.02495 -4.30961 31.1345 
-6.64413 -5.91459 32.0823 
-8.22758 -7.62908 33.0068 
11.0671 14.2012 30.7344 
10.0931 11.7968 31.8223 
8.78739 9.65039 31.8362 
7.31913 7.74761 31.3271 
5.76295 5.98811 30.6293 
4.15242 4.28315 29.9521 
2.50589 2.58036 29.4308 
0.837736 0.862713 29.1496 
-0.837736 -0.862713 29.1496 
-2.50589 -2.58036 29.4308 
-4.15242 -4.28315 29.9521 
-5.76295 -5.98811 30.6293 
-7.31913 -7.74761 31.3271 
12.1054 14.8287 32.3113 
11.1117 11.9833 33.6821 
9.74539 9.59759 33.6739 
8.22758 7.62908 33.0068 
6.64413 5.91459 32.0823 
5.02495 4.30961 31.1345 
3.38049 2.71921 30.31 
1.71746 1.09668 29.7045 
0.0447372 -0.567715 29.3739 
-1.62551 -2.26202 29.3362 
-3.27859 -3.96968 29.5701 
-4.89802 -5.68633 30.0114 
-6.46394 -7.43348 30.5479 
13.3215 14.7832 35.2547 
12.1001 11.2605 36.5389 
10.5432 8.60475 36.2482 
8.90176 6.62541 35.2795 
7.25331 5.0428 34.0714 
5.61074 3.63764 32.852 
3.96797 2.26704 31.7573 
2.31818 0.852802 30.878 
0.660196 -0.63413 30.2741 
-1.00036 -2.18995 29.9756 
-2.65237 -3.79523 29.9788 
-4.28108 -5.43261 30.2412 
-5.86863 -7.10316 30.6763 
14.3959 13.3444 39.2053 
12.7267 9.13551 39.8285 
10.8775 6.36004 38.9702 
9.07348 4.5278 37.5996 
7.35249 3.20873 36.1107 
5.69505 2.11186 34.6797 
4.07129 1.05717 33.4052 
2.45712 -0.0555781 32.3566 
0.83906 -1.26932 31.5868 
-0.785799 -2.58738 31.1298 
-2.4119 -3.99027 30.9942 
-4.02812 -5.45329 31.156 
-5.62014 -6.96425 31.5525 
14.9319 10.0225 43.2808 
12.6919 5.53346 42.7372 
10.5382 2.97766 41.1929 
8.5965 1.51218 39.4621 
6.83723 0.590307 37.7962 
5.19996 -0.114093 36.2815 
3.62931 -0.791569 34.9641 
2.0845 -1.54685 33.8847 
0.540546 -2.42629 33.083 
-1.01349 -3.43547 32.5915 
-2.57766 -4.5546 32.4256 
-4.14491 -5.75472 32.575 
-5.70472 -7.01536 32.9969 
14.6157 4.98989 46.4225 
11.8523 0.908342 44.628 
9.48131 -1.06598 42.5595 
7.47939 -1.99366 40.6635 
5.74294 -2.44319 39.0012 
4.17379 -2.72394 37.5646 
2.69595 -3.0085 36.3521 
1.25622 -3.38965 35.3789 
-0.178664 -3.90745 34.6725 
-1.6256 -4.56488 34.2611 
-3.08912 -5.34074 34.1631 
-4.56577 -6.20382 34.3767 
-6.04854 -7.12917 34.8741 
13.3525 -0.946353 48.0018 
10.2565 -4.03297 45.3682 
7.80866 -5.22248 43.1347 
5.84097 -5.55762 41.3342 
4.19102 -5.53454 39.8653 
2.73521 -5.4079 38.6536 
1.38543 -5.31533 37.6669 
0.0817907 -5.3287 36.9052 
-1.21339 -5.47663 36.3869 
-2.52044 -5.75686 36.1363 
-3.84693 -6.14653 36.1713 
-5.19231 -6.61403 36.4947 
-6.55271 -7.13332 37.0885 
